# 3D point list with one line of data per point:
#   POINT3D_ID, X, Y, Z, R, G, B, ERROR, TRACK[] as (IMAGE_ID, POINT2D_IDX)
# Number of points: 101, mean track length: 2
1 -3.4274173318114056 -1.6758400889301774 24.801729431353806 82 98 61 0.76356420690989801 109 25 117 401
60 -4.6529563599254118 0.1397281035346212 23.628393978676929 120 150 80 0.41175020630499926 109 2682 117 3071
61 -4.9430900231269872 0.1612450512009766 23.597501517655857 30 41 9 0.42612756593926648 109 2685 117 2893
62 -4.2034827787816536 0.62882884073591427 24.249146578735655 10 21 5 1.641607651411372 109 2706 117 2939
63 -2.683624164328378 0.77325239245564636 24.885023352974677 27 39 17 1.3772112397253458 109 2716 117 3247
64 -7.8058433252259105 1.2568741791425428 24.79549678462168 91 102 85 0.30263572323173227 109 2731 117 3061
65 -2.7574799866572959 1.3372531039439415 24.785320004747632 13 27 1 0.043604506383382466 109 2735 117 3126
66 -3.7200666328901546 1.3240159281298922 24.093927636778172 127 155 80 0.066067663929301523 109 2737 117 3113
67 -7.3949317541145616 1.7773886537999481 24.472933579731432 14 12 6 0.97607407130307111 109 2756 117 3080
68 -3.9903301655852368 2.4189401357809088 23.758918709699582 135 164 80 0.087342748972881079 109 2768 117 3128
69 -3.1878232966869073 2.4484989419856609 23.877428080022682 118 147 67 0.54470645672263673 109 2770 117 3144
70 -3.1697283203830788 2.5671224441443274 23.881652249523103 26 40 7 0.37405957286163477 109 2783 117 3151
71 -3.3116451338481014 2.5900078263154271 23.829772804912778 19 36 1 1.3977098325129069 109 2785 117 3147
72 -3.4260559925994256 2.6486495804140633 23.75362745962148 30 47 5 0.11718559126774045 109 2787 117 3146
89 -4.0601794066568599 -1.448752850245592 24.558684823163752 55 78 24 1.0563749521276513 109 2926 117 3283
90 -5.5300191618609977 -1.272969349835918 24.735355791354717 42 61 16 1.2384512707518556 109 2933 117 3282
91 -4.7623263484054261 -0.50278980724077316 23.719968134912197 203 220 165 1.0693486570804018 109 2947 117 3288
92 -5.1696009934164584 -0.18754957456467924 23.677647617267557 19 34 2 1.1147968630632383 109 2958 117 3289
93 -5.1748730452146097 -0.039479590917398839 23.541100118545433 164 185 94 0.71412041923844338 109 2965 117 3290
94 -4.7539461426499123 -0.051781084859581022 23.586856426588724 169 191 108 0.28082864708641175 109 2966 117 3294
95 -4.7759888569168893 0.13048051741848424 23.579239918334153 28 43 12 0.12071392242563406 109 2968 117 3295
96 -3.5760623676037064 2.7211912781439391 23.714724612034669 31 46 8 0.042369072381205117 109 3005 117 3265
97 -4.0409039991431532 2.7724825127998787 23.741234317187025 15 27 3 0.015177160741539422 109 3006 117 3257
98 -3.0172809946502066 2.8091876653201644 23.928851742202891 156 179 99 1.4050126123869744 109 3008 117 3337
99 -3.5733071687637343 2.8659821527075371 23.700798244090635 128 154 57 0.008201611883514693 109 3010 117 3330
100 -3.5733071687637343 2.8659821527075371 23.700798244090635 128 154 57 0.008201611883514693 109 3011 117 3331
101 -5.3465942421461481 3.3511730576456706 25.023203309030126 34 35 30 0.037325139872410054 109 3013 117 3256
29 -6.5395381234008516 0.67126939636705674 25.179207351911472 98 105 89 0.65370051798853313 109 2049 117 2479
88 -3.5685130541850896 3.0993483574951282 23.737737818691581 140 168 84 0.86516129087474547 109 2915 117 3335
28 -6.5011084495035698 0.60374138465951055 25.25120784001361 47 55 42 0.91438499749790081 109 2046 117 2709
87 -3.4027519553188745 2.7587390541410541 23.769937435940566 132 163 70 0.72017167974453256 109 2908 117 3267
27 -3.7612141442531688 0.48261899787698925 24.464439608891571 63 80 45 0.8551022927875267 109 2034 117 2292
86 -3.9077557661996312 2.7668537239617725 23.699235179746285 130 157 76 0.89917273300793421 109 2907 117 3260
26 -2.7988129329274738 0.3339092491417337 25.096388066389476 27 40 10 0.25757918711282013 109 2026 117 2574
85 -3.0934388075284529 2.6905134772262338 23.902639643999922 28 43 9 0.09477560119950118 109 2904 117 3271
25 -4.7985599442019824 -0.27695989643568281 23.620865998068847 107 129 47 0.25359837597085982 109 1997 117 2462
84 -3.7027325645366482 2.6698822346842732 23.714628449702023 151 176 82 0.43169148551933378 109 2903 117 3261
24 -4.9527294072792518 1.7287189499207105 23.845570077735509 126 141 112 1.229672966148287 109 1852 117 1565
83 -3.2266609177495065 2.6495290790450685 23.82338321060627 149 173 81 0.80063454186015326 109 2902 117 3268
23 -2.6271300419636221 1.3906953234636461 24.731456617670755 25 43 3 0.30856466791723258 109 1829 117 2613
82 -4.6335583767243049 0.025901178943783968 23.622478950360335 22 37 4 0.44229238944664107 109 2847 117 3206
22 -2.6271300419636221 1.3906953234636461 24.731456617670755 25 43 3 0.30856466791723258 109 1828 117 2614
31 -4.5675304015738254 1.1725509123194859 24.318302972011697 28 37 19 0.93659229862244464 109 2070 117 2554
32 -2.8522128653284962 1.3266171700712066 24.66603379420156 41 54 34 1.7183305975236212 109 2081 117 2351
33 -3.0515274599856781 2.3438828585087883 24.009991014859551 107 128 68 0.40540585005485585 109 2150 117 2641
34 -3.3922542689379771 3.096683704123997 23.823111233152396 85 105 44 0.44960722475159831 109 2192 117 2839
35 -4.9775258566624121 0.25021308402279568 23.616019754492555 18 29 0 0.14539016975724733 109 2281 117 2716
36 -2.8867900280492584 0.27966415730488614 25.105747335941608 71 87 57 0.95235586081619661 109 2283 117 2569
37 -2.9475813914582623 0.3129194100205091 25.155618671799843 20 35 6 0.0042029806182554627 109 2288 117 2568
38 -3.6915031109926817 0.45395778106255869 24.449379360308438 6 17 0 0.030588409098762939 109 2301 117 2544
39 -6.5603566774451769 0.94102024407126217 24.139660378339361 34 45 27 0.97242790991521233 109 2319 117 2482
40 -6.9085635624174992 2.10784615879354 24.617794816025508 82 93 79 1.2116659584451748 109 2387 117 2760
41 -3.3993283448993927 -1.6543953955784778 24.825065508472338 75 90 61 0.67998200741741299 109 2441 117 3044
42 -4.5316079812607137 0.024473552198645946 23.700925742920244 20 36 0 1.7757047378919784 109 2499 117 3068
43 -4.9041166555232998 0.088563936666297416 23.579868661382857 87 114 43 0.48982556202462346 109 2507 117 2890
44 -4.8990389011713171 0.34349124457008801 23.628149981268812 23 38 5 1.1712076895986385 109 2520 117 2901
45 -6.5055925776134256 1.0353844777076908 24.045518475306995 36 51 20 1.8488124208230248 109 2554 117 2717
46 -3.8651894115730445 2.5987047203171461 23.729018192136504 119 149 63 0.26618317826271393 109 2601 117 2988
59 -4.4373346608112838 -0.0070409934291997007 23.7472469968436 130 157 70 0.96018085996118718 109 2680 117 3211
58 -4.8862460985691216 0.0049735487036689143 23.576322313687758 23 38 7 0.17492257982938147 109 2679 117 3062
57 -4.954883093021766 -0.1099313485097604 23.576046583875829 171 192 113 1.1338618517175005 109 2677 117 3058
56 -5.0608460344898321 -0.10672083351708063 23.568079549194376 31 45 9 0.12338454104786634 109 2676 117 3057
55 -5.0608460344898321 -0.10672083351708063 23.568079549194376 31 45 9 0.12338454104786634 109 2675 117 3056
54 -4.8471419197961101 -0.13026161170673983 23.589046242884894 22 37 8 0.31203601175184859 109 2673 117 2884
53 -4.8422780142467179 -0.37824275805964691 23.693690743534592 32 48 11 0.61210078832482151 109 2665 117 2869
52 -4.589498355852653 -0.43715130108148237 23.789269150892515 166 192 91 0.079360074119587246 109 2659 117 2877
51 -4.3556962899018794 -1.5606616485460538 24.500302599821673 92 118 57 0.67590727424786023 109 2633 117 2850
50 -3.6980721626413353 3.0864274617715757 23.795923758938972 30 44 6 0.15384884918518443 109 2623 117 3011
49 -3.4822760894719851 3.0603542476674139 23.830481651182772 28 46 4 0.53074226376420541 109 2619 117 3016
48 -3.9222764197358186 2.6657240813424177 23.722960759625327 17 32 3 0.44827983791869375 109 2604 117 2989
47 -3.7810678546353236 2.6157779405863351 23.759930277198961 35 52 10 0.048601631318399729 109 2603 117 2818
30 -5.0226026784385374 0.93555932595120306 24.37618109978327 39 51 27 1.130603662377698 109 2063 117 2752
13 -6.4892275138783875 0.77182565547337789 24.19799367838008 104 122 80 0.066015572828974092 109 1520 117 2200
12 -6.8178235344532663 3.0168033442646802 24.676827171292761 0 0 0 1.2145045967010213 109 1389 117 1115
11 -4.0171602648231808 2.6236899345015123 23.677494523554557 103 131 44 0.52935225745935566 109 1369 117 1664
10 -2.6389859519435772 1.419700001256158 24.73533354918715 65 82 37 0.91656306839322732 109 1287 117 2048
9 -3.9791820388925832 1.2542412903668403 23.850533064133131 95 122 69 0.37439712189709795 109 1284 117 1103
8 -3.8675795722785669 1.1246830892724484 23.968654467560423 102 117 87 0.046997549121561413 109 1280 117 1576
7 -4.0236541320123829 1.040048636160857 24.141415167320229 102 114 90 0.54648113316561975 109 1276 117 1088
6 -2.2751540527031264 0.36037517278728337 24.954932004392855 58 77 32 0.13217169179661659 109 1240 117 2000
5 -3.9728793931432662 -1.5758356542798011 24.448613888553584 111 131 70 1.1456733206392908 109 1132 117 1337
4 -4.0195510541774224 2.7221739798402971 23.689734799585231 52 66 31 0.4062054893271434 109 1082 117 1184
3 -3.7614095033016182 -0.72812994824416488 24.410205388734965 49 66 30 1.079135240105449 109 851 117 1387
2 -3.2346590370065997 1.007565072832211 24.335812465913925 107 133 78 0.65607060953662533 109 235 117 635
73 -3.5194386426720747 2.9842884353870458 23.774766809508467 23 37 3 0.5369882831720858 109 2793 117 3159
14 -3.1724472032079643 2.7132047066501221 23.82837151772631 48 68 15 0.01443016104676121 109 1639 117 2654
74 -4.1937163440957024 -1.1290629407253623 24.856787944420017 81 106 48 0.58269383860655255 109 2815 117 3184
15 -3.0033868996797843 2.7802490870319279 23.938889063321682 129 157 73 0.54859482022129202 109 1643 117 2127
75 -4.4911665991213283 -0.54422875084821942 23.884417669106714 169 188 107 1.3471388383962559 109 2825 117 3189
16 -4.5555110920130577 0.14541091484917998 23.708299965138629 67 87 36 0.1774897541080242 109 1743 117 2225
76 -4.9400844682554306 -0.4270588276253966 23.662542940760183 185 206 127 1.2133514987975804 109 2830 117 3185
17 -3.6874847819738936 0.48926733193183164 24.443636058853667 40 55 25 1.3070002682453876 109 1772 117 1529
77 -4.4798316224442809 -0.37742177621909856 23.803503327439142 38 54 17 0.011295852203737227 109 2831 117 3197
18 -6.6724564267569679 0.57927080721381574 25.220709365129149 63 73 62 0.84712423693937677 109 1777 117 2194
78 -4.4798316224442809 -0.37742177621909856 23.803503327439142 38 54 17 0.011295852203737227 109 2832 117 3198
19 -4.3429300300983185 0.64077231914220656 24.259204505382357 36 48 26 0.23413372096075066 109 1780 117 2277
79 -4.6985194311611691 -0.360782912658555 23.69665442177125 20 35 4 0.71234535372422658 109 2833 117 3191
20 -6.3509860553917408 0.75607317565389154 24.360679222902093 35 48 22 1.4912660328250711 109 1789 117 2480
80 -4.5690765262907203 -0.32018399895450922 23.714919042964723 168 191 103 1.7539520975578313 109 2838 117 3196
21 -6.5308846966036933 0.79944470777619769 24.116529995313908 122 141 96 0.089640787233931526 109 1790 117 1839
81 -4.5774023883338328 -0.10115603556116939 23.653541019415485 157 180 98 0.49093472187997733 109 2846 117 3204
