# 3D point list with one line of data per point:
#   POINT3D_ID, X, Y, Z, R, G, B, ERROR, TRACK[] as (IMAGE_ID, POINT2D_IDX)
# Number of points: 666, mean track length: 2.1801801801801801
416 -0.045577724478182688 -4.6462740941164276 27.388953550490147 121 154 83 0.28120240794015317 131 2071 125 2605
415 -0.70623997882388245 -4.7832101392347521 27.465507603738839 132 169 66 0.85820044180768629 116 3677 125 2600
414 3.8497769976883229 -5.2550003657410693 27.386957967879116 196 224 137 0.92993240945136568 116 4079 125 2599
413 2.0506717100833849 -5.2587259133768747 28.108776190318071 134 168 59 0.11131165105792243 116 4087 125 2598
412 -1.0663728572839895 -4.831748363149952 27.424760856598816 112 148 38 0.21001982268070674 131 2376 125 2596
411 2.2968843676762862 -5.3168759769853269 27.846865129848378 163 190 97 0.39587565093936833 116 4081 125 2594
410 -2.3254071284805407 -4.7459491214157934 27.377556614352756 210 225 160 0.465872704716215 116 4100 125 2593
409 -3.2864854985658734 -4.64422326874032 27.448144875490666 118 149 47 2.0297595602187548 116 3682 125 2591
408 2.2203319213911241 -5.3715362467291037 27.859706216688526 215 235 164 1.9103578698853521 131 2094 125 2590
407 2.5938381110257183 -5.5362912826237842 27.825680221030062 208 231 148 0.78896565587493817 116 4071 125 2587
406 2.202756160621282 -5.5500891591762267 28.022236461405281 158 190 91 0.78574297185546682 131 1713 125 2586
405 -0.98219861304687339 -5.1210252021312126 27.173250276806211 185 209 116 0.30114762909715992 116 4083 125 2585
404 -0.98219861304687339 -5.1210252021312126 27.173250276806211 185 209 116 0.30114762909715992 116 4082 125 2584
403 3.5965731711051534 -5.6803225423834753 27.352464190222712 212 235 157 0.43984405334171106 116 4064 125 2583
402 -1.277449640669023 -5.1699510762575915 27.270259710016905 213 229 166 0.066520052767773244 131 2363 125 2582
401 -3.1245808993209572 -5.2971838759663559 27.274104783827294 113 146 33 0.057186298926108631 116 4077 125 2571
400 -6.2740325751719901 -5.7729254301371862 31.59527644991482 211 220 177 0.039188812230695647 116 3671 125 2566
399 -0.83018179195586106 -5.9919765700491245 26.922894073573428 161 195 90 0.42442157754699911 116 4425 131 2353 125 2555
398 -3.0561001947512345 -5.8545239569814775 26.942972555357741 209 225 154 0.074334086892080653 116 4049 125 2553
397 -6.9892225249936688 -6.4124922528492689 31.759104632733031 170 187 132 0.26547694040062875 116 3647 125 2550
396 -8.078599700920698 -6.0324519454021379 30.190316639751281 171 188 147 0.67766691083191533 116 4067 125 2547
395 -7.5524966767972179 -6.5105988499800782 31.194779224889444 133 152 87 0.1631263606476972 116 3642 125 2543
394 1.8909114844542645 -7.617206871737543 30.64905864351595 132 164 70 0.46312737297246032 116 4035 125 2541
393 -1.5295615503142468 -6.6475814407201739 26.544260164285454 216 232 170 0.69972801895784009 116 4032 125 2527
392 -1.5303213123311594 -6.8392049086555753 26.53581544108512 211 227 156 0.44121014751601967 116 4027 125 2519
391 0.77034526783149349 -8.295424027094219 30.054728358563178 185 214 102 0.31877473249181076 116 4016 125 2513
390 1.8718490563946124 -8.6247994191521755 30.692323070479198 188 211 130 0.081850540203741828 131 2009 125 2512
389 -2.9514252157174794 -7.1019259727927615 26.550597943206711 204 223 144 0.55864922786572335 116 4022 125 2506
388 -2.7754878156468457 -7.173524880673078 26.622454883025725 214 228 165 0.65025481481966185 116 3585 125 2505
387 -3.006841235680612 -7.1980783631646279 26.594644728431639 166 190 104 0.97999587061907767 116 4018 125 2503
386 1.6372252698236303 -8.9050565078785819 30.979537069212764 212 231 174 1.0609469175298281 116 4007 125 2502
385 1.6235463157826855 -9.0738001213748074 31.06222748221133 146 171 77 0.41552731743165172 116 4005 125 2498
384 -2.6741600305173643 -7.7885664224017876 26.467363041739659 108 140 40 1.4337518313543736 116 3997 131 1948 125 2488
383 2.5415344545373482 -9.6339232974170823 30.12114266316561 157 179 115 0.50190950819300384 116 4369 125 2485
382 -2.7689099901996248 -7.9478625380578967 26.307281965287803 106 142 46 2.0799894397133949 116 3995 125 2484
381 2.0727818885950984 -10.155284252003524 30.712420493089013 163 186 117 1.189502255540255 116 3981 131 1979 125 2481
380 -2.4338960907886111 -8.6372411509520397 26.398917616552204 108 144 49 0.78964042759276243 131 1939 125 2475
379 -2.1621055431310019 -9.1768248340681371 26.563813041578307 118 149 71 0.11254381955764367 116 3542 125 2472
378 3.8463939244022907 3.2545136496815958 29.684643826327736 83 116 36 0.23599359488169336 116 3502 125 2460
377 -0.35753280918001196 1.7550298535210267 25.791343282023917 90 121 28 0.74623591849281268 116 3480 125 2447
376 -0.18792020196025835 1.7032729728708527 25.97599413918778 116 148 49 0.4446498234076669 116 3475 125 2446
375 -0.057822989567768032 1.6157009642130198 25.964017107988198 124 159 59 1.0058791213309051 116 3935 125 2444
374 -0.057822989567768032 1.6157009642130198 25.964017107988198 124 159 59 1.0058791213309051 116 3934 125 2443
373 -0.35433571260125074 1.4830328499922634 26.04681846418832 78 112 18 0.10162891935005336 116 4319 125 2442
372 -5.78226157442037 1.9150675903570116 24.97499046956149 113 135 74 0.39509388895517839 116 4335 125 2441
371 -0.44180527408920106 1.4157395612560113 26.321767488981621 113 143 57 0.32776241296878006 116 4311 125 2440
370 -3.9578723039772341 1.6797655165558374 26.431984229649458 91 118 37 0.60604149251830108 116 4325 125 2439
369 -3.9878068520522136 1.3727073811417638 26.574101094105803 106 131 62 0.16657286637534524 116 3924 125 2434
368 2.8690842236005949 0.20687178551847288 24.922489561832275 214 231 179 0.16151374829691195 116 4291 125 2431
367 2.2496758014948917 0.28410897484695619 25.523192888324989 189 208 152 1.164836417272392 116 3912 125 2430
366 2.4456029879461658 0.2214306939664466 25.451783276754956 182 201 138 0.076995953068727058 116 4292 125 2429
365 1.777329110855151 0.033178789576027164 25.780797411310818 203 220 176 0.18295176500965477 116 3905 125 2426
364 -2.5179968651272087 0.024256313593768931 25.579362100873137 158 174 109 0.4737945965950674 116 3421 125 2414
363 -4.0446355998399879 -0.03502847048746939 25.982091075675193 176 194 132 0.17563559018558056 116 4281 125 2407
362 2.9320400725598637 -1.0037956183255623 26.097568010647276 211 232 157 0.72683455275660669 116 4248 125 2400
361 1.8512905470297951 -1.0138906414844981 27.394465362102281 123 161 60 0.88265617586962541 116 3855 125 2396
360 -3.5263886354362874 -0.4232454883361324 26.601723030508779 194 209 143 0.072636368743703203 116 3883 125 2395
359 2.441817272863362 -1.1647785284593111 27.014657122732981 174 202 118 0.088155219821981573 116 4242 125 2390
358 -3.3465559634476665 -0.60476325640499862 26.79117352736538 205 217 158 0.18205997906872745 116 4260 125 2382
357 -5.0277133760785393 -0.50686713673960648 25.611348891159317 205 221 174 0.20087837149148025 116 3875 125 2375
356 -3.8211746515255265 -0.750818483995079 27.555589867718499 35 54 1 0.33349233355200619 116 3372 125 2368
355 -4.535818643020705 -0.66460203347320601 26.845711469727192 210 224 173 0.22111864444454793 116 3381 125 2367
354 -5.1600754738277672 -0.61370907196958135 25.742354791526971 229 234 204 0.065528326326814837 116 3865 125 2361
353 -4.6772802631043513 -0.70075991423739226 26.539065804420066 145 167 96 0.075297214103769161 116 3373 125 2358
352 -5.6149613556329303 -0.59643379189658052 25.30307266878377 189 204 161 0.25669060098512925 116 3382 125 2355
351 -4.4948845375743653 -0.81212479206442179 27.040464671328433 174 194 122 0.56317688127079191 116 3370 125 2350
350 -4.8466834899387763 -0.81271183293188809 26.336524419511512 219 232 179 0.77099867032290681 116 3367 125 2346
349 -3.2327422345773327 -1.0979518372035033 27.809970919047363 107 129 80 0.085946611728659902 116 4247 125 2345
348 2.4526759088181334 -1.7672652535338624 27.01208243454942 153 188 86 0.10342216278575336 116 3815 125 2343
347 -4.4983101333915734 -1.0920584378983844 27.924820785114417 143 168 84 2.3257832729583754 116 3850 125 2337
346 -7.182726385268082 -1.5076062634038876 27.220698680026864 206 221 164 0.27809280263303127 116 3827 125 2310
345 -5.8783617215510588 -2.010830107305932 28.57390054866066 176 192 103 0.96285172532993357 116 3289 125 2299
344 -6.8982893336645921 -1.8320164923673874 27.536093231452405 157 184 92 0.60480893987007212 116 3813 131 2031 125 2294
343 1.4309957236884578 -2.9955329556712265 28.378042562030274 134 163 81 0.0300404568427214 116 3769 125 2290
342 -5.6411542991218502 -2.2387642326898654 29.067241185103967 162 184 98 0.068924985392447694 116 3798 125 2289
341 -6.7218785773183827 -2.0534116921170291 27.805363938277491 163 192 86 0.27729063250564656 116 3802 125 2285
340 0.11746513458044065 -3.0362625024388334 29.166315449229685 91 127 29 0.04974378930305931 116 3235 125 2280
339 -6.817412141082146 -2.1218975555798281 28.00029291199905 107 144 34 0.35450312919016624 116 3799 125 2279
338 3.4435478573854406 -3.3434291512535674 27.440729487618828 140 176 99 0.3319801298439527 116 4141 125 2277
337 -6.2532274006450024 -2.3954807203062458 28.295506707613207 151 180 74 0.73435371947299077 116 4201 125 2272
336 -0.11898148210891613 -3.2915814677408135 29.11054530320358 145 176 98 0.14544091883292759 131 2138 125 2270
335 -1.116998001144839 -3.0953589586303054 28.17087903767235 109 132 62 0.95042706903004159 131 1733 125 2269
334 0.073297420854438397 -3.3805631776221561 29.169227879059054 124 159 76 0.17415174648476936 116 3744 125 2263
333 0.77442924424949278 -3.5307140990519321 28.967872024317735 193 217 134 0.73023660008227131 116 3737 125 2257
332 -2.7017695220720155 -3.1150364899750942 28.298957968816886 87 117 31 0.23580700367426483 116 3214 125 2255
331 -2.396200797070025 -3.1732804031625403 28.188429335414902 173 194 119 0.46912732765355036 116 3749 125 2253
330 2.1613989293476088 -3.7178841069495983 27.947400645793945 145 175 89 0.47102224895360822 116 3719 125 2250
329 0.57611737020163101 -3.9412225680280533 28.856339605981098 131 161 70 0.029173284112937486 131 1741 125 2229
328 3.0462225010623056 -4.1933054322991596 27.556945717786117 159 186 96 0.20145465228194992 116 3698 125 2224
327 -8.64685338515193 -3.1308334228757726 29.768205746796074 222 229 196 0.67304895739284865 116 3760 125 2220
326 -8.384812107188047 -3.3390030568191258 29.926249187168917 193 208 151 0.228903249345312 116 3746 125 2214
325 -1.8938722521753453 -3.9394804328487112 28.002846943121543 210 223 170 0.64128328155390146 116 3710 131 2067 125 2212
324 -3.2493209376178425 -3.8305698564317088 27.732187598028663 91 128 24 0.19435650342730931 116 3712 125 2205
323 -1.5415446270983646 -4.1246520000299762 27.776580982720297 141 167 58 0.29361515729249565 131 2065 125 2198
322 3.1845287662951645 -4.769661835692065 27.477114891339649 159 193 81 0.077312810136099669 116 4101 125 2194
321 -3.1985878848998195 -4.2036975758763404 27.635200094575971 87 124 31 1.4688013089590317 116 3699 125 2193
320 -3.2265064745129344 -4.7149406194235874 27.569698150763625 217 231 173 0.8615559885736398 116 3679 125 2184
319 2.1013294043236943 -5.5399101789716143 28.079292473297308 181 209 125 0.14859710324120912 116 4074 125 2182
318 2.6917154703213058 -5.5729641554292346 27.491835685036619 172 202 106 0.52919103405814605 116 3648 125 2179
317 3.612858194532488 -5.7879823834441675 27.189775440195525 177 206 113 0.66165156527581703 116 3636 125 2169
316 2.4834288980887558 -5.8214018099527696 27.936609597886662 175 204 120 0.44433706090426217 116 4063 125 2166
315 3.7647566442563063 -5.9040949335672508 27.280718331272428 168 197 107 0.34081268063176462 116 3631 125 2165
314 -3.6635360469179665 -5.277985412013086 27.162565792891925 131 162 61 0.79881430041908041 131 1984 125 2162
313 -2.7985946235194059 -5.4488812276429215 27.155033369958151 189 207 124 0.51562755561356477 116 3649 125 2160
312 -0.93531118992748719 -5.7633728345174511 26.992619347496266 154 187 83 0.42744691330813711 116 3635 125 2154
311 -1.5123697257517086 -5.700037083945853 26.947716553251638 139 167 53 0.74616146064379529 116 3034 131 1627 125 2153
310 -6.4742495014690862 -6.166736428833528 32.071096141162499 122 141 96 1.0510659803554931 116 3660 125 2150
309 -6.8814090411703175 -6.3068780184890638 31.820481253174194 217 229 183 0.49968830170946255 116 3650 125 2141
308 -7.1108110942104998 -6.2260698862192587 31.463420521155676 189 199 149 0.1455168898421797 116 3652 125 2140
307 -1.2895394306069849 -6.0023589192996623 26.912862130691245 169 198 95 1.0988867377739302 131 1616 125 2139
306 -0.92603844801612523 -6.2441960209033702 26.978314942180493 123 159 74 0.64835136557718398 116 3615 125 2134
305 -3.1661663284180364 -6.0811105884596071 26.847175595086814 133 162 58 1.7052254367773323 116 3622 125 2132
304 -3.6110087977593475 -6.0980265433565943 26.864808365233046 113 147 63 0.88634491876491939 116 3620 131 1159 125 2128
303 -3.4106728597814349 -6.1450327343216662 26.827278330772977 167 195 106 0.18396285836915105 116 3617 125 2126
302 -3.3119095314417071 -6.3828781401229469 26.740800629723044 109 139 41 0.66944624750803272 131 1585 125 2118
301 4.2984308093380079 -7.7488586672571698 28.979225152270896 105 141 46 1.1110330949273117 116 4024 125 2117
300 4.2657987234129404 -7.9930133528970737 29.441215929189173 99 140 49 1.0141384199425107 116 4398 125 2112
299 -8.1324779711635458 -6.9212026654574323 30.924694309613589 177 197 139 0.52875640028594517 116 3623 125 2110
298 5.6655740655510254 -7.8024527679534881 27.657468260839433 209 235 148 0.25291094194726216 116 2954 125 2104
297 5.4262445123994842 -7.9524183582746204 28.114820344534547 204 225 157 0.82001611418566389 116 3575 125 2101
296 -8.3257748573164712 -7.1675078809233277 30.673669046197528 105 128 72 1.1953897292450071 116 3006 125 2098
295 -2.8992515757866055 -6.9310119638145915 26.542890384627725 212 228 169 0.97764862815100761 116 3597 125 2095
294 5.3185041836865379 -8.2922548296273781 28.249485486397674 142 172 84 0.35171501420095319 116 4004 125 2094
293 5.3185041836865379 -8.2922548296273781 28.249485486397674 142 172 84 0.35171501420095319 116 4003 125 2093
292 -2.9727205795821541 -6.9935315361174846 26.529784603190095 135 162 58 0.060993678680108729 116 3594 125 2092
623 -2.2907928576240408 -8.565966622999035 26.418579986906799 208 220 165 1.0017468641476606 116 4933 125 3439
82 -2.7075144938011459 -8.1782908476374665 26.440254250786975 110 144 58 1.6967240087922897 116 4373 131 2295
81 2.0369629704867509 -10.329716903585975 30.80341156839042 138 167 85 1.6736423582135493 116 4366 131 1974 125 2858
622 2.6577531044978882 -10.637960679341449 30.615930065125777 129 163 84 0.62075759307378509 116 4929 125 3438
80 -7.9134114033449094 -3.4856412014038165 30.336478017019136 102 125 71 0.87897334612711731 116 4151 131 2349 125 2975
621 -2.3182281479616251 -8.8653024670142759 26.397826290042207 211 224 177 1.255031223516053 131 3076 125 3437
79 0.71519224445043561 -3.4068375123340831 28.967288646594266 166 199 95 0.98866103301815278 116 4150 131 2142 125 2674
620 -2.3155668040507509 -8.8617606157627602 26.386098157931336 211 224 177 0.93662270698270245 116 5029 131 3075 125 3436
78 -3.2610841574037166 -3.5681302949727258 27.85399277146119 95 131 32 0.85558632401450951 116 4138 131 2380 125 2632
619 -3.3202851502118831 6.4631732450681287 38.482519122217738 0 0 0 0.50931542953422937 116 4924 125 3429
77 -3.2709562578897122 -4.1624501116821602 27.65913281474786 152 182 96 0.83575710479752419 116 4121 131 2367 125 2610
618 3.8175678222292837 2.0776974541210724 31.26025451602673 67 95 18 0.35281228795452985 116 4908 125 3423
76 -3.0490281208469376 -4.4116907912171159 27.638652991501338 207 222 155 0.9581618745909003 116 4113 131 2018 125 2955
617 -4.3021845659031106 0.86795893549053627 24.883828569115824 127 151 89 0.22974069552785487 116 4902 125 3412
75 -1.2134472272510439 -4.555556475529805 27.517428690779006 214 236 164 0.65710335642992856 116 4107 131 2050 125 2604
616 -3.0213001115898477 0.056119464263582997 25.768670383320654 145 166 105 0.15764783395195708 116 4997 125 3407
74 -3.3040684186878599 -4.7954408352774154 27.357759644136355 214 227 172 0.63019656093180743 116 4096 131 2008 125 2588
615 -0.066982074877657657 -0.40390172091696763 24.595330591325517 110 141 73 0.48965645554565429 116 4888 125 3404
73 -2.887921428085646 -5.095172932327551 27.29251063885166 157 182 76 0.2338037827025701 116 4086 131 2002 125 2168
614 3.4750003580939861 -1.2620570504277964 25.435941996693476 109 153 58 2.6234960117369281 131 2915 125 3399
72 -2.887921428085646 -5.095172932327551 27.29251063885166 157 182 76 0.2338037827025701 116 4085 131 2001 125 2167
613 -5.6161521832198886 -0.50619784223404785 25.232273015673666 190 206 166 0.78644283748485577 116 4885 125 3394
71 -3.7665503943032972 -5.2483176786796308 27.168033024899447 199 217 141 0.35388211168891098 116 4078 131 2340 125 2565
612 3.0155418324480308 -1.8534055335177602 25.847757858728762 106 146 57 1.5161641091006464 116 4865 125 3390
70 -1.2789260547653272 -5.3280558079108227 27.168552237467036 218 236 174 0.031584869943300425 116 4075 131 2361
611 -0.81608597260427895 -1.4337283768662845 23.887760827615029 146 168 93 1.4334643963709466 116 4732 125 3389
69 -0.72381474450311545 -5.3927623239173501 27.143230543027812 160 195 91 1.6165420263712023 116 4072 131 2366 125 2933
610 -0.81027749136379379 -1.423371725395749 23.990928119982559 146 168 93 0.76883646457600752 131 3014 125 3388
68 -3.7442164642696714 -5.3843784204504859 27.132704377226446 101 138 43 0.66700163291646863 116 4070 131 2337 125 2564
609 -4.5692744202536417 -1.5085276193658181 28.492212997552524 205 215 180 1.0141552133341065 116 4736 125 3385
159 -4.5816902926955585 -0.73194256913390554 26.953421692066794 172 187 133 1.6638745381084661 116 1878 125 1069
158 -5.2134055450916703 -1.8963929027811983 29.243380665361233 164 174 110 1.1459050596980389 116 1761 125 1035
157 -6.3457433346427834 -2.0717310855610163 28.29399801015558 130 157 53 0.06221837756237357 116 1739 125 1021
156 0.37741124977750395 -3.3954788738645094 29.049788928555422 159 189 96 0.21955939797205798 116 1580 125 995
226 2.1412928132882727 -5.2601363957624425 28.162050830132184 216 235 163 0.38986978105207742 116 3074 125 1754
483 -1.0220372921000385 -5.5086280290382774 27.105358980686997 94 132 36 0.96078552586719324 116 4068 131 2605 125 2929
227 -0.88983877560393343 -4.5816910992445594 27.496318826022907 122 160 51 1.7309273563102081 116 3686 125 1765
484 -3.6946890132501573 -5.1497609179374333 27.164253690060672 191 211 124 0.24366818049734904 116 4451 125 2931
228 3.26554178224634 -4.7308809552008437 27.395665073024357 168 203 99 0.61319142215923295 116 3093 125 1776
485 3.5255524945883217 -5.9352664940902331 27.562049118494411 200 221 155 0.37560818615738117 116 4433 125 2934
229 -0.83555248989839748 -4.2423223179419063 27.697115577485874 149 176 72 1.0833731056536664 131 1692 125 1781
486 -3.4852179069056146 -4.8899551932978849 27.368468626015883 210 227 156 0.12335779603882958 116 4458 125 2938
230 -2.6645885296300036 -3.8457613164125859 27.826223240561117 188 204 139 0.36243446930366463 116 3140 125 1793
487 -0.85423470548345604 -5.0827686095559237 27.051130026214008 97 133 37 0.041063804389662305 116 4453 125 2940
231 -2.6645885296300036 -3.8457613164125859 27.826223240561117 188 204 139 0.36243446930366463 116 3141 125 1794
488 -1.2579931886583677 -5.0321372862503946 27.329607591124166 163 191 69 0.34555531405389334 131 2608 125 2941
232 0.46643864747349145 -4.2851564644840749 28.899557665433385 119 157 73 0.42444779375350711 116 3126 125 1797
489 3.7338169518411473 -5.5336863027381611 27.214087509339294 208 229 167 0.32734513987270825 116 4443 125 2944
233 -1.9007460626607369 -3.8423937800548527 28.058607516799569 146 171 68 0.33057936862852172 116 3144 125 1804
490 3.7338169518411473 -5.5336863027381611 27.214087509339294 208 229 167 0.32734513987270825 116 4444 125 2945
234 -8.7828428810485697 -3.0656553753264388 29.480248136386056 196 208 162 0.038390311265678517 116 2479 125 1809
491 -2.0589506490809764 -4.9437746504554312 27.714187213709341 211 225 163 2.0540573257501578 116 4095 125 2946
235 -8.4824826200823988 -3.0458325795804231 29.395629049026503 220 232 188 0.37513056664384392 116 3221 125 1811
492 1.9773077432535684 -5.3965083875149311 28.170568312171383 207 229 154 0.82754366434073356 116 4449 131 2403 125 2949
236 -2.934628438101115 -3.5414262482167627 27.936072362496247 182 199 118 1.1923746291570272 116 2385 131 1677 125 1812
493 -3.3019183892587911 -4.5472218143424881 27.622396071131586 211 224 149 0.27282746717728185 116 4469 125 2952
237 -1.1000879236393 -3.6597747014651913 28.005714502135326 111 137 48 0.53529253738586591 131 1716 125 1816
494 -0.94167023941912209 -4.6294836141411579 27.161081752857495 93 133 23 1.2940143009965182 116 4465 125 2954
238 -3.0577233829031036 -3.4027029948568819 28.032841620266193 126 158 73 0.38117192894728646 116 3179 125 1819
495 1.590756570378022 -5.0163076999754939 28.605964957244709 124 165 59 0.87599251161361658 116 4463 125 2957
239 -3.0441467349471689 -3.3495376539403203 28.201557100676702 80 114 30 0.33433653596670809 116 3742 125 1824
496 1.4115914975959885 -4.7482449909307034 28.461166840005035 111 148 45 0.6016502637044514 116 4468 125 2961
240 -8.4328293126230669 -2.7837632372741377 29.339803775592127 214 227 172 0.25668448492628426 116 3778 125 1826
497 -8.7209671819633332 -3.6827794526917832 30.125497781522274 117 135 87 0.13167664772080848 116 4696 125 2964
241 0.26629554063675587 -3.7015679191536015 29.041313749026461 129 165 76 0.61512991920736493 116 3165 125 1834
498 -7.7424078832214684 -3.7339708091781287 30.12047586494959 94 114 65 0.49558086835921633 116 4481 125 2965
242 -7.5648266299324245 -2.8298432596799725 30.125910585996049 123 148 64 0.8760924477221308 116 3248 125 1836
499 -3.3533814771245281 -3.8933474631448135 27.746157832581201 156 180 92 0.070503348182501674 116 4131 125 2968
243 -8.7156295829459065 -2.4563691357119315 28.694463612592646 159 173 139 0.078464508994587595 116 3263 125 1844
500 -7.8034233547367631 -3.5662091178669968 29.787447753988591 78 96 48 1.9748148765448574 116 4486 125 2970
244 -7.6987358185424286 -2.639706220868042 29.70458818292871 158 179 100 0.098943322740403045 116 3261 125 1846
501 -7.552191717228764 -3.1969988729175518 30.313072027309815 72 93 35 0.39497937206839995 116 4165 125 2981
245 3.7581204650439504 -3.3755452039085396 27.978664129037558 183 204 161 0.74362159558394769 116 2403 125 1862
502 -8.086280051944664 -2.9823680060511637 29.711862908056091 222 227 204 0.98565939393898061 116 4172 125 2983
246 3.8747110526802944 -3.25913974819274 27.545020154532111 166 190 130 1.1224243851829365 116 3185 125 1871
503 1.1603616334514677 -3.9015645610833225 28.67015021525663 210 226 180 0.86402915072203679 131 2436 125 2985
247 -5.7416692923857768 -2.2423488400010712 29.099399727118577 109 135 38 0.28873052158157114 116 3278 125 1873
504 -0.81900715540664237 -3.56697365481583 27.947534689689881 114 146 63 0.28179796994987594 116 4480 125 2987
248 -6.0281008183640186 -2.1465611317351687 28.650173712667442 170 193 89 0.32310845303739055 131 1672 125 1875
505 -7.9625711616615371 -2.5974528072958329 29.771795841478152 118 141 72 0.24961878901737092 116 4719 125 2990
249 -6.7388816121869528 -2.0103735358572421 28.237470522269117 141 169 60 0.31656387940132957 116 3287 125 1876
506 1.52887313235495 -3.4505391780448957 28.20103374222883 205 224 158 0.69895683928587315 131 2442 125 2993
250 -5.7997300958001059 -2.2049124095084269 29.09232280965907 167 186 94 0.46443024467043115 116 3280 125 1877
507 -6.3670010914093451 -2.4257977907854467 27.978915607457406 105 140 36 0.35676459252083809 116 4514 125 2996
251 -0.13714317573885107 -2.8414824705213051 29.251098986256348 67 97 28 1.4052411086810825 131 2146 125 1879
508 0.29167395998184847 -3.1845145333970586 29.162917940217952 183 206 143 1.3539182274219648 116 4707 131 2679 125 3002
252 -5.3109296734508762 -2.1519379176617028 29.78660887357648 135 150 81 0.077255965816367525 116 3809 125 1886
509 0.29167395998184847 -3.1845145333970586 29.162917940217952 183 206 143 1.3539182274219648 116 4708 131 2680 125 3003
253 0.66189857209609215 -2.7563205670843738 28.862768492848527 112 145 58 0.7223775298246522 116 3783 125 1888
510 -2.1783815509628228 -2.4545754440396932 25.367174730941173 161 181 109 1.9429639849841518 116 4715 125 3004
254 0.51781553240485645 -2.7054121382767491 28.976319177886587 98 128 39 0.1124626138830189 116 3252 125 1890
511 3.7881777961916208 -3.2439945686054075 27.828469936760133 206 224 183 0.38636221968171314 116 4496 125 3008
255 -6.7235679936789712 -1.5425301964323039 27.42065438698582 149 171 88 0.40996348415623085 116 3304 125 1896
512 -7.0619718711839283 -1.8131262742828762 27.025554787201816 109 144 50 1.1088149442814743 116 4530 125 3014
529 2.9448216118173938 -0.55304129513848088 25.449809772011026 158 185 108 0.092424146146416142 116 4754 125 3091
530 3.1526359277401172 0.069320527464388465 24.847443784801328 149 176 97 1.4806884089849999 116 4582 125 3099
531 -4.4344548281000318 1.4729429633382862 26.598142365037283 103 126 48 0.45052552223982956 116 4599 125 3101
532 -4.4344548281000318 1.4729429633382862 26.598142365037283 103 126 48 0.45052552223982956 116 4600 125 3102
533 -3.965540968061954 1.5098638654581149 26.36315292084544 104 133 49 0.96750064435315675 116 4320 125 3107
534 -4.1488818136367538 1.7828265562478525 26.096732593148168 110 138 38 0.25631931835445343 116 4608 125 3108
535 -0.38878970281682756 1.6109401244223287 25.708719384924837 91 124 33 1.2958863433681875 116 4607 125 3109
154 -1.7766443679057964 -3.7232098238185003 28.29425349206323 153 173 84 0.096321618862826489 116 1529 125 957
536 -0.19701862104173909 1.7984375539228359 25.526611967250744 146 173 76 0.22756518513160534 116 4331 125 3114
155 0.22700956789731486 -3.6527137167836887 29.080391771464942 74 107 29 0.19414041326204901 116 2390 125 968
537 -0.79353104804755992 1.9298734373377602 25.722371760682208 103 132 52 1.6860298919286663 116 4612 131 2756 125 3116
538 -0.37231013549746572 1.8614223624924759 25.690641055550316 88 119 26 1.3692602024991372 116 4782 125 3117
539 -0.23867105590952531 2.0169759929370499 25.468383455212667 115 148 56 0.11284264680630679 116 4616 125 3119
540 -3.056394544270054 -9.7199087978902448 26.659357956903349 85 117 42 0.49887565850556065 116 4635 125 3127
541 -1.9874658489151915 -8.1635119547548651 26.436019952780082 151 181 73 0.012082601662844732 116 4639 125 3130
528 1.5277536090480508 -0.97806261236185243 27.999399221921745 207 223 177 0.56581540285723397 116 4559 125 3072
527 2.7572092224971727 -1.2040976666542389 26.573644051656654 160 189 107 0.29221538798080671 116 4550 125 3067
526 2.616241170344026 -1.3130109697818766 26.910759716005519 150 185 85 0.81782136944910744 116 4545 125 3063
525 -6.9327212335054407 -0.44260473751353224 24.644850912737631 222 231 200 0.53837574083634632 116 4755 125 3051
524 -7.0705320472653614 -0.54859380294287319 24.987087696303107 193 208 169 0.50177549031526525 116 4751 125 3045
523 -7.0705320472653614 -0.54859380294287319 24.987087696303107 193 208 169 0.50177549031526525 116 4750 125 3044
522 3.1591726733246785 -1.8715949635114006 26.103230823283425 110 150 55 0.98141975533126802 131 2214 125 3039
521 5.3336072244143402 -2.6852176924550246 27.498976873026844 164 196 113 0.49353042407689324 116 4183 125 3032
520 -5.26824349580325 -1.6372606929980429 29.122103278892602 182 196 137 0.070381465447363664 116 4224 125 3031
519 2.3549272576874656 -2.5207918387760806 27.420182355226171 180 207 140 1.0954249825707776 116 3787 125 3030
518 -2.1944666842569465 -1.9229156217731398 25.440339576556081 179 196 125 0.25517246210562061 116 4526 125 3028
517 -7.4776035720560357 -1.4752101481483666 26.94367710437189 115 144 72 0.69366293977296334 116 4537 125 3021
516 4.7503863473243273 -3.0489606104062932 27.559769132149192 153 188 94 0.25097128098386745 116 4501 125 3018
515 -6.0162034876878883 -1.9323187818987628 28.508010055380897 210 218 166 0.09858036015396808 116 4531 125 3017
514 4.3296679113717778 -3.0391890421792995 27.616753810278873 213 231 181 0.0428231479035905 116 4158 125 3016
256 -6.8621283978064662 -1.4791557748174411 27.226414097290139 176 193 120 0.57030011458135044 116 2595 125 1898
513 -6.6062619425405833 -1.9258136455111623 27.902656851631143 190 207 129 0.18161475918721456 116 4529 125 3015
225 -0.74467435640675106 -4.8645774507839494 27.47331362290393 96 135 28 0.42556382748824401 116 3674 125 1753
482 -3.3289902447190975 -5.3514923069775895 27.110951446157802 202 225 134 0.27118487527625512 131 2343 125 2927
224 3.363361906332464 -5.5665040812714022 27.413741672985335 179 207 107 0.32605036594773418 116 3049 125 1747
481 -3.4989687145210175 -5.4265647729912212 27.127559231490856 113 145 44 0.41306493864513039 116 4447 125 2925
223 -2.9864363302571277 -5.1196552020263919 27.292303652925458 189 208 118 0.1536341883617873 116 2276 125 1740
480 -6.5028303809329335 -6.0690209403365403 31.569375819375928 142 162 112 0.14241804511679201 116 4448 125 2919
222 -0.93006414937424498 -5.4753697196446165 27.274091455092158 123 160 64 0.53464490601079262 116 3055 125 1736
479 -1.7578329284222507 -5.9717441458691489 26.871640681046337 71 77 63 1.8064886291459539 131 1991 125 2912
221 -6.1846347377778965 -5.7969340227605164 31.65742463893325 167 178 136 1.7926844066023726 116 3080 125 1733
478 -1.7578329284222507 -5.9717441458691489 26.871640681046337 71 77 63 1.8064886291459539 131 1990 125 2911
220 -6.4588915806033445 -6.0310624125887635 31.902854853040857 174 190 141 1.0651610887681293 116 3069 125 1725
477 3.9499545670815199 -7.0195892432156635 28.036852989932243 218 232 196 0.59878401770001499 131 2388 125 2908
219 -6.2214106797787707 -6.2476037748926849 31.931766957081773 152 165 119 0.63333216738851217 116 3062 125 1721
476 -8.1978870074077967 -6.854200051388796 30.762911717143133 114 140 68 0.34508397780852895 116 4046 125 2901
218 -1.5046980015737044 -6.4921117523862986 26.652408397804784 187 214 109 0.9324936533882302 116 2996 125 1709
475 5.449111207332038 -7.9168697787294438 28.055370845106442 208 227 163 0.05985202307732309 116 4392 125 2900
217 5.3245761060073393 -7.9645630417628555 27.961068176331839 137 168 74 0.11704156803480821 116 4008 125 1694
474 5.3760779955681777 -8.1953071878005552 28.229453159656021 211 233 160 0.69581914889183905 116 4389 125 2894
216 -1.427626697059845 -7.1196438867228231 26.587279787534374 156 180 82 0.24086371285173885 131 1586 125 1685
473 -3.0633215622159478 -7.063218368641075 26.526986550034838 94 126 35 0.24881024354149422 116 4399 125 2892
215 -3.4638662268728586 -6.9817965624848988 26.627818934062539 122 149 46 0.098051489100122624 116 2976 125 1681
472 -9.0780359193483253 -7.5076344338290095 30.42880440121948 148 165 114 0.17027660515154808 116 4409 125 2884
214 -3.5135970415180582 -7.1291523160872057 26.661350204732699 99 129 38 0.77976113538068026 116 3587 125 1678
471 -2.8267547598911338 -7.5715951107139068 26.615181866494911 137 169 62 1.7704557506591549 116 4390 125 2879
213 -9.1725119754325153 -7.5729550072019007 30.486948337647004 154 171 126 0.34586477480958544 116 2991 125 1674
470 -3.1295592513120014 -7.5052439855981232 26.482025469644096 108 139 59 0.10704936357868686 131 2304 125 2878
212 -9.1725119754325153 -7.5729550072019007 30.486948337647004 154 171 126 0.34586477480958544 116 2990 125 1673
469 1.5115404352926731 -9.3779856472310374 31.122086572050783 128 157 90 1.0635931451025638 116 4379 125 2876
211 2.338419373630237 -9.0468618444223825 30.032202546646854 155 176 115 0.65297804300448459 116 3996 125 1670
468 -2.0439105035040201 -7.7759753680355175 26.489754975594366 210 224 162 1.6617489062946895 131 2308 125 2874
210 -1.8781127978926651 -7.8107668050453176 26.462380874173423 177 204 101 0.39034860206316252 116 2939 131 1135 125 1665
467 -2.863555744387865 -7.707248199669765 26.437488437184719 101 132 40 1.9848235189949819 131 2303 125 2872
209 -1.9458966033400575 -7.8180452993291825 26.434382068792779 143 174 63 0.43125895947267201 116 2937 125 1664
466 -2.0643018849851531 -7.9174168188810476 26.363269181128036 123 158 41 0.28023648551542907 116 4376 125 2869
208 -1.9183035554430024 -8.1366141398616652 26.311446617883661 148 180 82 0.54669638839491319 116 3552 125 1657
465 -1.584252494493827 -8.1793923715756627 26.575648072371198 108 146 59 0.29294634428367683 116 3990 125 2865
207 -2.5740035725306534 -8.2616611279279368 26.435414205841766 188 214 125 0.20276813614776229 116 3550 125 1651
464 1.926494133798901 -9.9052874990188613 30.665332413057808 162 184 119 1.6526740449504236 131 2336 125 2863
206 -2.5740035725306534 -8.2616611279279368 26.435414205841766 188 214 125 0.20276813614776229 116 3549 125 1650
463 1.926494133798901 -9.9052874990188613 30.665332413057808 162 184 119 1.6526740449504236 131 2335 125 2862
205 2.4126415364953817 -10.201629588185396 30.7122695992716 209 228 160 0.8064014967023776 116 3544 125 1648
462 -2.1027086048118599 -8.2413705189645778 26.434047466453197 112 146 51 0.64252727444260072 116 3986 125 2861
204 1.9193161244596455 0.024379557010336513 25.793628081230644 210 228 177 0.24680812429598789 116 2729 125 1542
461 -1.7813583170304683 -8.3371909669683131 26.470064767554057 131 165 82 0.35165157602190017 116 4370 125 2860
203 -2.7899382017947763 -0.0089019598303247769 25.799201382305274 210 222 160 0.63598854315966213 116 3417 125 1533
460 1.9344194813757147 -10.435591497352762 31.038402013629813 156 179 111 1.0163353917655735 116 4365 125 2857
202 2.8445701649739492 -1.0251924326841193 26.264093532098936 214 234 165 0.054174676259284155 116 2634 125 1516
459 -1.4979340267740859 3.5621390627149307 24.129119297261116 94 101 55 0.02794824374148356 116 4917 125 2846
201 1.4632851480266194 -1.1042091537197976 28.220220998031362 159 184 101 0.25666739529249794 116 3352 125 1511
458 -0.48291631002195762 2.2292440174380261 25.294947194950794 129 158 65 0.055186086116922495 116 4336 125 2835
200 -7.5377340776696844 -0.048157006032263673 24.830188432475897 162 175 117 2.0381900892244285 116 2708 125 1510
457 -0.16993853405871617 1.9113422502166257 25.692717767103133 96 130 35 1.0370177995992664 116 4334 125 2830
199 -4.957024230049921 -0.48019176566532801 25.694582882990129 166 184 126 0.74566789539115819 116 2687 125 1504
456 2.9836121845133117 0.23455732133891288 24.986800173486916 171 192 136 0.39118238382624493 131 2248 125 2816
198 2.6124726802381342 -1.4441241756493248 26.638665570450453 99 141 44 0.53332312579015162 116 3312 125 1503
455 2.5533008001802449 0.19064812059573397 25.506651427002055 223 237 190 0.19613139882290817 131 2241 125 2814
197 2.6264074071551557 -1.4966068324868196 26.917713905729748 132 172 76 0.64528701926144305 116 3308 125 1501
454 -4.5335388629224624 0.51577120359010964 25.390579064814506 96 119 51 1.7610573317443396 116 4300 125 2811
196 -4.9468783944098096 -0.64151647980920845 25.869929270227694 222 236 186 0.31313063598377633 116 1884 125 1500
453 -2.6593937210094278 0.016965130481484906 25.707119074854369 206 220 159 0.51367022654456052 116 4285 125 2803
195 -4.8542196727029099 -0.92347715278741982 26.561541045555892 192 207 142 0.55361697228830553 116 1856 125 1497
452 -2.2757817483513794 -0.061070837623849725 25.862603632406504 208 218 168 0.10481244703475495 116 4579 125 2802
194 -6.7012149277221953 -1.2286631935522661 26.608554585426461 221 230 200 0.22461220765575762 116 3326 125 1486
451 -1.191546619247797 -0.40248762707359048 24.041612790571897 133 154 77 0.081041156137006229 116 4271 125 2793
193 -6.7872338089305853 -1.2826853554743556 26.920280441324085 166 176 139 0.011043906362189224 116 1804 125 1483
450 -3.7215577187733109 -0.2404993854812007 27.149001754309552 125 148 70 2.3394145668904796 116 4277 125 2784
192 -7.4510753059076782 -1.3581098805887091 26.683882640610801 159 181 119 0.40860733172070118 116 3318 125 1476
449 -4.7513061949976771 -0.47739060042362241 26.146389081189056 172 191 137 0.81722021813695989 116 3878 125 2767
191 1.1743551921588034 -2.4802636212166469 28.065816022189395 126 148 101 1.1406452488003422 116 2532 125 1475
448 -5.1189605598112387 -0.49337798563125124 25.555831605107219 180 196 152 0.40585510044241185 116 4569 125 2760
190 -6.5218344858679771 -1.5879885198723782 27.713471399121126 223 231 183 0.12077655456594574 116 2591 125 1473
447 -5.4614262298195628 -0.45888215744870431 25.145841911799494 218 230 184 0.06102025918004074 116 4266 125 2759
189 -6.0305082842071673 -1.8091163091993951 28.317272788773838 192 199 157 0.48913709843446107 116 2581 125 1459
446 -6.0026940241491689 -0.50252403447025829 24.96659972780969 195 209 173 0.90826122662422215 116 4262 125 2754
188 3.4658978195744301 -3.1749460305563977 27.889339138392227 143 178 76 0.079438724640836358 116 1598 125 1434
445 2.2361600843741587 -1.5945463073295401 27.418132672635608 170 199 93 0.17074470572918654 131 2210 125 2748
187 3.5591422596205411 -3.2226087664537078 27.8356432434833 174 207 122 0.17125516162872706 116 2432 125 1429
444 -1.6082984203765376 -1.8634208948723743 24.863771303491344 171 190 112 0.26532780310973358 116 4527 125 2723
186 -0.0021023606759485252 -3.0214781300621745 29.381881256331106 112 141 49 0.40365559354828429 116 2489 125 1428
443 -1.9918102104104232 -1.9448779159105709 25.17755023037498 170 188 112 0.71766828673262362 116 4208 125 2721
185 1.4935766869631 -3.3714631748745529 28.282586514142018 136 169 73 0.017446139716926504 116 3182 125 1414
442 -6.6340040259238577 -1.6247236831538943 27.695930308651871 165 185 100 0.22582088060126809 116 4535 125 2716
184 0.43241005373533803 -3.4399576087321617 29.150516030834087 122 156 62 1.8350415120388992 116 2427 125 1411
441 -7.1934467958263655 -1.5911240608373767 27.217297682430022 108 137 44 0.30725072704583983 116 4220 131 2028 125 2713
183 1.6112429705171083 -3.5129427608813661 28.176297108897661 169 194 102 0.58703441729992623 116 2392 125 1410
440 4.1732869775891439 -2.9773406466932251 27.428058352686676 146 180 93 1.0631603007580241 116 4161 125 2708
182 0.38798914956136804 -3.5103248871867212 29.117625124937195 167 197 110 0.42576164209119294 116 2413 125 1406
439 3.6279971475286215 -2.9532878826046387 27.595710522127327 134 176 74 0.63964084098469964 116 4164 125 2706
181 -7.7979729615727686 -2.7311771618977136 29.650832989421332 123 145 63 0.38732855420044476 116 2514 125 1399
438 -7.1818725939297856 -1.6996879618064782 27.226428072961362 159 185 98 0.73505070385724336 116 4214 131 2368 125 2703
180 -8.3780287987512683 -2.8259377872523346 29.106755983905963 171 183 121 0.71876552408274796 116 2495 125 1387
437 -6.1905975529149657 -2.0161224873774701 28.682936292345023 202 214 145 0.46673315101827262 116 4528 125 2697
179 2.8586136182900361 -4.1956402209663723 27.672516152686072 212 231 170 0.32259550075419186 116 2336 125 1377
436 -5.5360727540823511 -2.1720437276894553 29.217765680641737 175 188 117 0.67683833137634719 116 3803 125 2696
178 -8.7309525903066749 -3.1596793216561045 29.790571281057627 142 150 106 0.42763053360567854 116 2469 125 1371
435 -6.2862096896906872 -2.2845087559710953 28.393355556273672 92 128 18 0.31186851211961869 116 4206 125 2686
177 -8.7309525903066749 -3.1596793216561045 29.790571281057627 142 150 106 0.42763053360567854 116 2468 125 1370
434 -6.0479891526570277 -2.4026494906450409 28.937225592099797 95 127 26 1.2795279831302762 116 4202 125 2683
176 -8.720064428530355 -3.1061332225420406 29.395058938412522 228 236 198 1.076187721639954 116 1627 125 1369
433 -0.011545884637199999 -3.2766994071629645 29.201494507155942 74 111 26 0.30839518217111994 116 3752 125 2678
175 -2.9257147473549479 -3.7639349701367828 27.715160251318721 209 223 162 0.25807522664952809 116 2362 125 1365
432 -0.011545884637199999 -3.2766994071629645 29.201494507155942 74 111 26 0.30839518217111994 116 3751 125 2677
174 2.5110823322553015 -5.2219622015332385 27.793883662185287 167 194 99 0.061734697992715637 116 2280 125 1336
431 -7.4961975326742998 -2.4279799160058162 28.764592940776989 99 120 51 1.7733570659124802 116 4517 125 2670
173 2.5110823322553015 -5.2219622015332385 27.793883662185287 167 194 99 0.061734697992715637 116 2279 125 1335
430 -2.7105492072435085 -3.0387293806996918 28.306137496807906 140 171 94 0.35902886597778455 116 3763 125 2668
172 -3.1101219623723884 -5.0543498838588077 27.303439571075792 176 195 112 0.51686472929270433 116 3076 125 1310
429 -0.94875737607213517 -3.3840914008577236 28.129100939358409 102 131 49 0.80477571823852356 116 4489 125 2662
171 -3.1101219623723884 -5.0543498838588077 27.303439571075792 176 195 112 0.51686472929270433 116 3077 125 1309
428 -7.419480907632531 -2.8453749499900733 30.136475515507097 105 130 48 1.3661399172539779 116 4191 125 2660
170 -1.1009632715449102 -5.5100516775539861 27.13327071332553 168 194 93 0.51142289959153053 116 3048 131 797 125 1299
427 -8.7106662441604286 -2.557259010452424 28.391450189267015 118 142 82 0.61956300757671112 131 2347 125 2656
169 -5.9512015781184537 -5.8355082938128895 31.762103602828333 138 155 110 0.48619140343540507 116 2288 125 1297
426 -8.6556047512159733 -2.6541265144932735 29.005548844271498 147 166 110 0.02989626359181893 116 4192 125 2653
168 -6.8624502891318091 -5.9526134491912801 31.419569456778074 195 204 151 1.7248457655915272 116 3662 125 1285
425 2.7406210003393672 -4.0106487962800612 27.882008996597897 159 188 99 0.56894927763804781 116 4474 125 2641
167 -6.2866033280075664 -6.2321768241441875 32.140490201199867 92 108 59 1.0357097589755813 116 2263 125 1282
424 -1.3560394929479505 -3.7309430202648906 28.080681698312777 145 169 72 0.45183123679990755 131 2085 125 2634
166 -0.9399022180630987 -5.9051799265344176 26.981592359124207 145 183 74 0.36826560837596467 116 2220 125 1277
423 -1.3560394929479505 -3.7309430202648906 28.080681698312777 145 169 72 0.45183123679990755 131 2084 125 2633
165 -3.3668656183401575 -5.7555934112416898 27.029796594881621 163 188 86 0.64597578126702515 116 2229 125 1270
422 -1.8302945860294211 -3.7863364640986612 28.132609811832033 212 227 172 1.2842131266092141 116 4134 131 2392 125 2629
164 4.1548721314315777 -7.8315838255749837 29.585480861194096 159 187 104 0.055801808124804571 116 2159 125 1245
421 1.2350733957382907 -4.3090421846955351 28.582670668142434 212 230 176 0.26605817389349162 131 2126 125 2624
163 4.3130010010941726 -7.8840180914180404 29.487383848012001 167 200 95 1.240197514986507 116 3592 125 1243
420 1.2193580894118652 -4.6537901230293883 28.687201029463068 113 152 45 0.55846901854451514 116 4112 125 2614
162 -3.3969880539055946 -6.5396183894113884 26.890419159236487 80 115 33 0.49234318466501775 116 2995 125 1238
419 -1.2481743514635282 -4.4173728805620494 27.612944772266765 150 179 61 0.31760751528157843 131 2057 125 2609
161 -1.5930600336940977 -8.0923617031067732 26.532327892959021 113 148 60 1.9581116266499405 116 2926 125 1202
418 -1.2481743514635282 -4.4173728805620494 27.612944772266765 150 179 61 0.31760751528157843 131 2056 125 2608
160 -2.2297438440462964 -8.7610284560314682 26.333986725571528 188 210 132 0.055757890917432162 116 2100 125 1179
417 -3.0728549321027234 -4.3259595965328685 27.809427713973111 103 135 36 0.61066741630543464 116 4118 125 2606
624 2.5989156014863317 -10.150901075796632 30.358839705627737 218 231 187 0.23783970355164344 116 4932 131 2971 125 3441
83 -1.5884127617753061 -7.908167828062358 26.492520804812237 137 175 74 0.50429943599017235 116 4378 131 2566 125 3136
625 1.4364482756875827 -8.894638228862231 30.550887932314669 143 171 97 1.9346240717577268 116 4801 125 3444
84 -2.9050906584805789 -7.8150070832609559 26.319548767344401 98 131 43 1.8103917003172181 116 4380 131 2298
626 -3.6262269837503038 -6.9110368811425245 26.706144692151305 78 107 40 0.36644146030230307 116 4948 125 3448
85 -1.487014725037457 -7.8398242983646016 26.527751036200744 222 235 191 0.33680028459850853 116 4381 131 2568 125 2490
627 -1.5064792495449617 -7.1024263841644562 26.476744210059351 210 224 162 0.039120068539748601 116 5034 125 3449
86 -1.6096824263153369 -7.6994546920007769 26.503104311811665 132 169 57 0.42050683705592329 116 4383 131 2569 125 2880
628 5.2537372852013053 -8.1859643244871041 28.445072317082587 217 228 185 0.90554397894847627 116 4942 125 3452
87 -3.0514505994731573 -7.6460995775954661 26.420008950535639 87 117 45 0.54065894856957308 116 4385 131 2560 125 2873
629 4.5386999375727388 -8.0223961687183163 29.267749275773241 86 123 45 1.8272092112425677 116 4945 125 3453
88 -2.7186684311968627 -7.6353279561317464 26.427879997670193 218 232 175 0.80091692500065148 116 4386 131 2562 125 3139
630 -1.6099314692013771 -6.6807726859105161 26.641157240683796 213 227 174 2.5448348806401575 131 3091 125 3454
89 -1.5721850328149369 -7.5149413691167739 26.493316126808796 225 236 206 0.62622100042472484 116 4391 131 2571 125 2882
631 -3.1881156207282197 -6.4727473047012012 26.836784177491264 213 227 175 0.29949656984689615 116 4951 125 3455
90 -1.3515639244344106 -7.4093987884676515 26.541697536310814 190 215 124 0.28801286834347883 116 4393 131 2320 125 2889
632 -3.0550627751776163 -5.9879067845222096 26.884205003960293 212 225 170 0.088486923976900264 116 4959 125 3462
91 -3.4854871058748285 -7.2373699547099823 26.69093186916826 104 139 59 0.46786299707461693 116 4396 125 2886
633 -1.1737315097669587 -5.6222310956666224 27.023120852246024 211 227 162 0.62488882208367069 116 4962 131 3100 125 3465
92 -1.4793383271412528 -6.996894587554511 26.539209567505981 214 232 172 0.79544265317516538 116 4400 131 2576 125 2895
634 4.9848068399231291 -5.9917723636868425 27.121113217937804 145 184 95 0.14606635122041106 116 4961 125 3469
93 -3.2427601421110199 -6.6472074055407111 26.70589240359271 209 228 151 0.46620756025300281 116 4411 131 2317
635 -2.177625935367471 -4.6981454398189273 27.577994099084211 164 190 76 1.0153418463156165 131 2986 125 3475
94 -3.6503936663119689 -5.4658972660943492 27.089742843128661 215 227 161 0.7608448219474192 116 4445 131 2586 125 2922
636 -2.177625935367471 -4.6981454398189273 27.577994099084211 164 190 76 1.0153418463156165 131 2985 125 3476
95 4.0534274394318652 -5.5424066904735811 27.356598761923038 162 196 101 1.4240690037032859 116 4446 131 2666 125 2947
637 0.75598207245479643 -4.1667496576234244 28.834397962167401 98 135 54 1.7098226154118716 116 4836 125 3481
96 2.445981549699825 -5.3258312542365775 27.745940431634025 221 236 180 1.2435595628746134 116 4450 131 2411 125 2950
638 -8.2115269930976993 -3.1099852726599742 29.876787867076526 226 232 204 0.22899192166841842 116 4976 125 3482
97 -3.837255907202922 -5.1534467735187395 27.208432792670578 85 114 39 0.93038909779588541 116 4452 131 2342 125 2930
257 -7.025912335299803 -1.4155313941869785 27.066105809907597 178 193 135 0.1426167171274948 116 3313 125 1900
141 -0.75216718288252027 -4.3674947438466223 27.576683219189089 216 237 173 2.6093558484903778 116 5045 131 2992 125 3350
655 1.6794758473385751 -7.5665127881070866 30.107366051275271 211 225 172 1.5528271789642607 116 4950 125 3548
114 2.8615267720526405 -5.564590112642775 27.606726586133608 227 241 204 0.75805887509360403 116 4676 131 2642 125 3185
142 4.6741826571609755 -2.5907824103274431 27.331697170105667 129 168 89 2.350528344669025 116 5060 131 3218
656 4.7032004766342421 -6.3886846878282668 27.90801485164797 153 189 93 0.61744804561082089 116 5039 125 3551
115 -1.1548108337491598 -5.2513377352709787 27.265548443539082 134 174 62 0.66657372442396834 116 4677 131 2836 125 3337
143 2.9043469078778807 0.39232512770739136 24.877944364233237 133 158 92 1.7926549121176183 116 5077 131 3155 125 3592
657 -2.1760459792546527 -4.300615606082248 27.818077767687317 152 179 66 1.4252956469102533 116 5046 131 3107 125 3555
116 3.0476978120395088 -4.644694585685845 27.578111784350188 223 234 200 0.3975922322129038 116 4683 131 2673 125 3195
144 -8.3193821540178092 -3.9043077415955114 30.216340769965576 0 0 0 0.45933503056417468 116 218 125 185
658 -2.1727183591866948 -4.2952703201935485 27.804258800315164 152 179 66 1.6921615065453035 131 3106 125 3556
117 -2.5856386532213196 -3.3331700897513383 28.155733128945265 213 227 179 1.9142860476018537 116 4699 131 2846 125 3208
659 -1.7830115752253448 -3.9424317295200835 28.005589669861386 211 223 173 2.5118196875020202 131 3110 125 3558
118 4.4398804198200672 -2.8418984025821326 27.536152599161561 151 186 96 1.110053630300228 116 4710 131 2908 125 3232
146 -1.4743782774017684 -7.6400017924897989 26.632589108889437 179 203 120 0.17785602034012604 116 1250 125 821
660 -6.8465842035678985 -3.0278501153743504 30.465637151749689 0 0 0 2.38945005105293 116 5057 125 3562
119 2.0550513398322212 4.5594990167980018 31.607927892122031 0 0 0 0.044294450675037192 116 4789 131 2800
147 5.4966448589143457 -7.8318746461835964 28.039450853889797 221 240 182 0.40505564347571776 116 2145 125 846
661 0.85358016165553241 -3.3960287640863176 28.89686713634757 142 174 67 0.43010565608618645 131 3126 125 3565
120 2.0422842313570837 -9.8040563092666044 30.636066861626752 136 170 83 1.0043866046113212 116 4797 131 2820 125 3132
148 -3.213600888958823 -6.2993864822481616 26.762184231634482 143 168 78 0.13716671618226312 131 437 125 855
662 4.2612169827577944 -3.6699970228249428 27.904934097144405 76 120 39 0.79938452781607894 116 5049 125 3566
121 2.1013128094502069 -9.5399114496678141 30.580214480784633 224 234 197 0.68582322050762967 116 4798 131 2823 125 3311
149 -4.8227203914243386 -6.0888472968892486 26.823520630851114 67 95 34 0.63675040608232925 116 1332 125 856
663 1.6557843162055248 -3.2793089678479603 28.158361325696966 90 134 37 0.40461641957523642 116 5053 125 3568
122 -3.3913693199352308 -5.979644144103121 26.862829633867619 87 121 37 0.076130973729017781 116 4811 131 2815 125 3326
150 -1.0450620358348552 -5.7066423741481334 27.0848048376638 158 185 75 0.5417091684303349 131 794 125 887
664 3.9221203014037846 -2.9752819120009955 27.588663957256927 109 155 53 0.34753977854226531 116 5055 125 3572
123 -1.3782477224641092 -5.8174963933219921 26.972499909149008 138 175 63 1.0276859469282011 116 4813 131 2974 125 3330
151 -1.1523574728569876 -5.4899992588013271 27.170225069036892 144 168 72 0.62729297360489733 131 799 125 892
665 -4.4830759282639017 -0.27097960202122706 26.089847394191466 169 185 146 0.21301105064750669 116 5072 125 3584
124 -1.0435788249291469 -5.0310385758189975 27.229316411463962 211 231 159 2.7601271777549403 116 4820 131 2988
152 -3.2194944109871919 -5.1363915550219179 27.273478446487442 215 232 153 0.22049948189238011 116 1424 125 897
666 3.2260119244678611 -0.8225993456463504 25.458992807779598 193 210 168 1.3478682338418781 131 3046 125 3585
125 2.1059915312262136 -5.0588975157623945 28.003282681471685 229 238 217 1.3167389101068221 116 4821 131 2651 125 3346
153 -1.0346112669215817 -3.8146168033743137 27.880161408814857 130 162 72 0.44004910465624919 116 2360 125 954
667 3.8167076331324985 0.27021264703498066 23.979114846840254 208 222 189 1.1490886701806051 116 5076 125 3593
126 1.5749496349770471 -4.7959812655174838 28.387444131891051 223 237 194 0.38231599681567835 116 4824 131 2860 125 3348
140 -0.99756270522947876 -4.6293871486765479 27.519919254456184 151 188 77 0.61982790451873693 116 5043 131 3190
654 1.6794758473385751 -7.5665127881070866 30.107366051275271 211 225 172 1.5528271789642607 116 4949 125 3547
113 -3.2251974848527394 -5.4308731305388758 27.045010145991629 91 124 33 0.56006840579255568 116 4675 131 2824 125 3175
139 -1.3040721493540497 -6.2219550152674845 26.787672226835365 120 162 68 1.1298702728771728 116 5038 131 3095
653 4.8859171569630213 -8.1439337380011629 28.278424738377058 103 139 69 0.563154789113538 116 4941 125 3544
112 -3.1294310446796785 -5.7554237796360805 26.978282291343852 113 146 41 0.74727001075582411 116 4669 131 2583 125 3167
138 -3.4430603854613318 -6.6557984086504103 26.707573510057092 77 111 34 1.5770554598697466 116 5035 131 3084 125 3545
652 1.447996028099473 -9.7395412856789907 31.050689918987114 104 136 64 0.83863750511867963 116 4937 125 3541
111 -3.4290049297869909 -5.7910629944129903 26.962499156923208 215 233 156 0.12856867987127871 116 4667 131 2816 125 3163
137 2.1926028064487961 4.8209489617786332 31.299759632426241 114 134 73 1.0250630970943662 116 5015 131 3172
651 3.5833552028351825 -11.975113150870328 31.083300622412089 0 0 0 2.6640670727083431 116 5025 125 3539
110 -1.1062696926961131 -5.9910887922734908 26.900944003702669 217 237 167 0.64022151429928564 116 4664 131 2597 125 3168
136 1.3273652029055603 -3.8154687679443176 28.592017233842402 197 223 131 1.6917480082216032 116 4972 131 3012 125 3484
650 -0.52279951298474203 1.6294532248820808 26.013932249362959 145 173 86 0.15437780301825618 116 5007 125 3522
109 -3.6201728985573189 -6.0261872239027205 26.886290441912362 98 132 48 1.6407524670846796 116 4662 131 2577 125 3159
135 -1.5395236136439654 -6.3638906776703097 26.776152093255718 218 236 174 1.3231668596671748 116 4954 131 3094 125 3457
649 3.094884822126525 -0.21792151765744744 25.268900048571773 105 142 64 0.67729751325567311 116 4994 125 3513
108 -1.7018684492330429 -8.0349080584998447 26.480489563048334 220 232 182 0.40453198443117527 116 4644 131 2808 125 3135
134 -3.364305622085614 -7.116802672746223 26.63131654940015 179 202 112 1.8067655328546171 116 4946 131 3081 125 3446
648 -4.8399168808499082 -0.0696249412679429 25.197029941924164 163 184 129 0.57846804934151641 116 4995 125 3505
107 -2.167107213714623 -7.9955187790727464 26.38658930533277 220 234 183 0.6619904418548469 116 4642 131 2561 125 3133
133 2.5989156014863317 -10.150901075796632 30.358839705627737 223 234 192 0.23783970355164344 116 4931 131 2970 125 3440
647 -3.219891481340762 -0.85362720771058564 27.419209345823436 99 123 52 0.23519483777278566 116 5068 125 3501
106 -6.1644234237767597 -2.2609695028736736 28.513497556592078 87 122 18 0.3154146386609179 116 4520 131 2616
132 4.8135075565664893 -2.8960172307294494 27.523076326494817 199 221 157 1.6790277024533846 116 4854 131 3042 125 3383
646 -4.7377362286410927 -0.64877699239349507 26.341545474580794 146 169 101 0.094158959343542736 116 4884 125 3500
105 0.25270918241495699 -3.4557424707850162 29.113596076392042 215 234 173 1.3081346556971658 116 4492 131 2672 125 2992
131 1.3878898340438595 -3.1232125160920727 28.271321247986403 211 229 177 1.8686889811861012 116 4851 131 2886 125 3376
645 -4.939489249748652 -0.8123302845143906 26.296843950175464 224 233 190 1.7127528677925457 116 4880 125 3499
104 -2.2043726174955944 -3.4759560224110313 28.250652713851608 216 227 185 0.23249331826688452 116 4484 131 2632
130 -3.0939842826497603 -3.7556743819637557 27.804909395990798 215 227 178 0.23167706023176096 116 4839 131 2989 125 3354
644 -0.37863256010738339 -1.324163419783063 23.674208786489967 129 155 81 0.42457511953593879 116 4989 125 3498
103 -3.3987650158916276 -4.1305797522598358 27.707638776351633 78 107 23 0.25737474700059182 116 4473 131 2364
129 -2.3140959059332866 -4.0432824247824879 27.926035238470433 222 231 199 0.99760805124393792 116 4835 131 2990 125 3479
643 -6.6037254956728892 -1.8835982341662278 27.842747096350095 192 209 129 0.84958692320552842 116 4984 125 3494
102 -3.3987650158916276 -4.1305797522598358 27.707638776351633 78 107 23 0.25737474700059182 116 4472 131 2365
128 -3.1942747874442317 -4.3511585184594148 27.682821402835643 80 107 40 0.22748275297403353 116 4829 131 2982 125 3347
642 -6.4692161914622153 -2.1176264184854792 28.085983098010043 117 151 45 0.51065085516276298 116 4981 125 3492
101 1.3161100241788086 -4.5952775568587407 28.495814424776732 202 229 133 1.6361467532143392 116 4470 131 2114 125 2966
641 -0.041583596449597506 -3.0570877465776971 29.207867690264024 153 175 100 1.1994487031662437 131 3125 125 3491
100 -1.0962914054381041 -4.5937656923336379 27.501581389888152 151 188 72 0.007275998389073759 116 4467 131 2619
640 3.6311711763420984 -3.5755699555049412 27.876878701407382 138 176 89 0.66435370433727914 116 4973 125 3486
99 -3.4223159403392005 -4.7609225689955714 27.391432406909281 87 118 25 0.98134757932189165 116 4462 131 2352 125 2943
639 3.2043394818387654 -4.1481166936660809 27.665327756926306 133 173 77 1.4668585241724967 116 4970 125 3483
98 3.5122530697994496 -4.9822708191359268 27.472160793451895 218 234 185 0.92339437120033807 116 4455 131 2668 125 3191
608 4.8129046045873061 -3.342235138857272 27.753880171068325 126 168 82 1.0750225799443864 116 4845 125 3381
67 -1.4518548806772029 -5.5653207546717409 27.035558546042935 143 180 63 0.52155302152064886 116 4066 131 2356 125 2926
607 0.49382002600444291 -3.1990655261610148 29.222602256255847 109 145 49 0.18862474453725531 131 3017 125 3374
66 -1.4268924980920517 -5.6840055784972519 26.966154429912898 223 238 181 0.21285682297982778 116 4061 131 2007 125 2562
606 -7.720494594430404 -3.0924371710630738 30.355535569081464 121 145 67 0.58544286582755034 116 4855 125 3366
65 -1.0366013417383029 -5.773125143258599 26.948253024898985 166 201 83 0.40423226887841485 116 4056 131 2355 125 2559
605 0.99922655472830102 -4.1972995659240597 28.896010875637181 211 230 169 0.89081207692762987 116 4833 125 3358
64 -3.8351664179300275 -5.7566549596831775 26.989508798422744 109 144 62 0.72857471585984823 116 4054 131 2332 125 2910
604 3.2916073535068482 -4.4124903327117391 27.536709117549787 217 232 188 0.023497939162850597 116 4828 125 3356
63 -1.5499248471644329 -5.8091318835753469 26.950323843378559 220 237 181 0.31182341585535484 116 4053 131 2348 125 2145
603 4.9885032832000897 -4.6960802879331105 27.716407112991838 61 98 15 1.4871323336777094 116 4823 125 3352
62 -3.2462768794438319 -6.0385269770084715 26.834096779321182 197 212 127 0.4766133623508238 116 4045 131 2330 125 2544
602 -3.2250530113087117 -3.9773838421403824 27.711339264797935 79 111 29 0.47631341361274204 116 4834 125 3351
61 -3.305766896950598 -6.1855424103421255 26.828996989251852 93 127 31 0.31463025131692107 116 4043 131 2326 125 2540
601 4.130114846653151 -5.7287914439533472 27.435011738956241 206 230 153 0.63142001608845866 116 4816 125 3339
60 -3.4435527605216141 -6.8794657700435602 26.672622071537219 178 200 118 0.60312911920481083 116 4026 131 2315 125 2515
600 2.991185499547095 -5.7527898521163294 27.50807086393208 154 189 95 0.077902993373993118 116 4673 125 3338
59 -2.883733397844185 -7.1698515376960525 26.505266718298749 122 156 54 0.24847647557508407 116 4020 131 2314
599 3.7060091802645845 -6.1339162596909951 26.861249593810225 149 185 97 0.96211851660584502 116 4810 125 3333
58 -2.8851089552150726 -7.171607880746536 26.507808835112087 122 156 54 0.31481554079622531 116 4019 131 2313 125 2504
598 -6.3421847910126354 -6.2148325569425893 32.187797560193417 156 171 132 0.56664338176670037 116 4818 125 3332
57 -2.8080984850932911 -7.2533037304356078 26.490841804135428 203 225 143 0.73949160998573182 116 4015 131 2312 125 2501
597 4.3753444911368966 -6.9025905934953737 27.625010971506143 158 191 104 0.15797934774246197 116 4805 125 3329
56 -1.4896174382139926 -7.4086237233796721 26.529180782894684 139 172 67 0.65968893836399711 116 4013 131 2318 125 2888
596 -8.2477271168901254 -6.29377368026383 30.264214175796273 166 181 148 0.2796484855131437 116 4671 125 3325
55 -2.8955971130886846 -7.4210771575550156 26.536910366309076 176 202 105 2.1437181768068365 116 4011 131 1952
595 -3.3089967973195566 -6.2765033832359478 26.754466990851778 116 152 60 0.80598520768561732 116 4806 125 3323
54 -2.9326432296367493 -7.5843258582496214 26.432558282766784 154 183 93 0.48685505876195512 116 4006 131 2305 125 2491
594 2.5115152785488459 -8.016473675088708 29.835534642167765 83 120 50 0.3991067858968933 116 4804 125 3321
53 -2.9863390487101986 -7.7519933816706423 26.36605745831902 124 157 69 1.040007641545958 116 4000 131 2299 125 2487
593 -8.1613646050110411 -7.1117981864934698 31.513013265881302 127 149 86 0.48242644463149098 116 4661 125 3320
52 -1.7376860625576931 -7.8024151262445152 26.453253586306772 220 236 175 0.64132053867624239 116 3999 131 2311
592 1.9657373854205811 -8.4031913451399927 30.670645682620581 204 222 160 0.60685749423299129 116 4802 125 3319
51 -1.7376860625576931 -7.8024151262445152 26.453253586306772 220 236 175 0.64132053867624239 116 3998 131 2310
591 2.0786565577148757 -8.7358473555239655 30.542690708246685 219 228 183 0.35554562473175411 116 4943 125 3318
50 -2.9203071546490182 -8.0130233210008921 26.424298332220253 128 163 73 0.4332375564025191 116 3993 131 2296 125 2482
590 2.8636730354306841 -10.502902853657229 30.405885822521682 215 230 186 1.4052935319914031 116 4794 131 2969 125 3306
49 -2.5498766594528695 -8.3419501543879164 26.42276251989988 125 156 56 0.37352827339881373 116 3984 131 2294 125 2479
589 4.1991601829518643 3.1985005935000816 30.192370393359891 99 136 56 0.12676446790842705 116 4623 125 3298
48 -3.9881556932646078 1.380748033726428 26.56930178557111 119 147 70 1.305977397221612 116 3925 131 2188
588 -0.58300384065672795 2.1011608272061619 25.086397531498989 78 108 22 1.8038269780377418 116 4784 125 3294
47 -6.2314482459699061 -2.177618931514365 28.394212025745276 156 183 76 0.5548007550453451 116 3797 131 2045 125 2283
587 -4.6312729812209188 1.6463482942892 26.493315371606688 103 125 53 0.94982279308319817 131 2709 125 3286
46 4.5218443343817363 -2.9016156669528272 27.550518506463636 166 194 112 0.15283125539754722 116 3767 131 2213
586 -4.6312729812209188 1.6463482942892 26.493315371606688 103 125 53 0.94982279308319817 131 2708 125 3285
45 1.4999111649198342 -3.0692975522312285 28.326444369871115 192 219 140 0.084249685311836117 116 3759 131 1771
585 2.1254744809151216 0.46475444228725243 25.616932885637613 211 228 174 0.079223606272153552 116 4771 125 3282
44 1.5534839519400474 -3.1417938693045988 28.270716368184104 120 158 58 1.6935974913134642 116 3755 131 1770 125 1865
584 -4.5959100105615933 0.91590362327610297 24.732421248695378 81 110 46 0.80287392194755158 116 4903 125 3279
43 1.8730389117481328 -3.6673095349882718 27.992950064669557 217 231 178 0.85889329303684858 116 3723 131 2148 125 2663
583 -3.5936995743070494 -0.16887975035593278 26.557864110674057 225 231 195 0.60898960009847691 116 4761 125 3267
42 -3.0665337768550085 -3.9339405952940174 27.762482559270783 125 150 55 0.8017064894310183 116 3706 131 1660 125 2200
582 2.6176854015988136 -1.1553513304581058 26.848171329764234 115 152 59 0.67911720821772792 116 4741 125 3261
41 -3.2800436607995285 -4.6456554589308601 27.552521008977337 119 151 40 0.28774124915482574 116 3681 131 1193
581 -5.2802429556000456 -0.41293621108248857 25.244527170817545 229 237 200 0.1214222318151081 116 4757 125 3256
40 -3.5775131920535284 -4.7652986377139301 27.459939028415466 130 166 69 0.40898981778627214 116 3676 131 2004 125 2183
580 -4.779636638878233 -0.94941118841749073 26.912155550195259 161 182 118 1.0864686051824912 116 4558 125 3250
39 -3.0709282141419831 -5.7483616586661022 26.972042978323675 112 145 29 0.64956877680922487 116 3634 131 1601
579 0.54953009702464883 -1.9617832700370736 24.87097717711908 172 187 157 1.6285161915498318 116 4522 125 3242
38 -1.4259826581110144 -5.8710004077255622 26.918536946109022 140 175 48 0.45170915042881105 116 3630 131 2000
578 -2.2529808096097721 -1.7077851875327386 25.546359792768804 151 175 89 0.33470137077229734 116 4728 125 3240
37 -3.1663946524425128 -5.8679632134063846 26.881505517401312 118 149 33 0.42032013714534205 116 3629 131 1593 125 2138
577 3.9945943566025157 -2.6411585320617532 27.50209349107951 145 185 89 0.48119946502847211 116 4716 125 3238
36 -0.99761409148931735 -5.9347981572074797 26.918472148653787 158 192 82 1.5225420275106458 116 3628 131 2005 125 2144
576 -6.8124867947700567 -1.4246371013713033 27.388410809528729 223 233 199 0.059128492929498386 116 4734 125 3237
35 -3.0981413637323887 -6.0955242238153824 26.83353238487269 215 231 173 0.59996922048787815 116 3621 131 1976
575 3.6289796791700586 -3.1482170027465828 27.724244040769211 99 143 46 0.10680651162113361 116 4703 125 3231
34 -3.1976671557884337 -6.192934998565792 26.783887023048674 189 210 132 0.085162113398222675 116 3614 131 1589
574 3.6144325923362315 -3.3112013571732923 27.754045667229029 203 225 187 0.57187167361814173 116 4491 125 3228
33 -3.1127350751664027 -6.2143146523661539 26.738004863019288 139 165 66 0.85616578941447163 116 3613 131 1590
573 3.6144325923362315 -3.3112013571732923 27.754045667229029 203 225 187 0.57187167361814173 116 4490 125 3227
32 -3.2877104446498997 -6.5642847169211835 26.734249751194334 124 155 61 0.6278961317891123 116 3607 131 1583 125 2107
572 0.57228509622435253 -3.4277468108513705 28.998589924383495 197 215 165 1.7484619026719344 131 2878 125 3219
31 -1.2989482836713342 -7.6269248690085849 26.587485167076057 155 185 96 0.594474967245327 116 3571 131 1580 125 2075
571 -1.2081857163231926 -3.2641922212431078 27.959415161106065 147 171 86 0.45725136309590952 116 4701 125 3216
30 -1.3756999341220613 -7.6218875483385533 26.551418045576522 217 235 172 0.47963260248160194 116 3569 131 1960 125 2073
570 -2.5110639161765222 -3.1635176918314629 28.282743330279114 88 118 33 0.11241961197609296 116 4706 125 3215
29 -1.6764898025227717 -7.6158910510755771 26.472459356549127 216 235 168 0.91406570947026422 116 3568 131 1957 125 2072
569 2.7081432708932249 -4.0973310672157286 27.608581312179009 222 233 200 0.021012258894174726 116 4689 125 3205
28 -2.0195389287102761 -7.8218595315016781 26.410346072956067 213 233 149 0.67149895573395668 116 3562 131 1571 125 2065
568 -1.1948080442114706 -3.7456962197442496 28.057395375339169 199 214 149 0.051680977097274546 131 2849 125 3204
27 -2.7581206611612199 -7.9635987802932577 26.419595789963569 98 135 32 0.69283467364992024 116 3559 131 1563
567 -8.0418526548589941 -3.3738949312891764 30.400006190614093 91 115 57 0.68003667239063981 116 4705 125 3201
26 -2.5931338154084527 -8.4547211223564229 26.40238559158314 163 192 102 0.36509046157129199 116 3547 131 1940 125 2051
566 1.216045107582004 -4.4701966802629762 28.61249609752694 110 152 40 0.53393176890088889 131 2661 125 3200
25 -0.29215128487995262 2.794108970227263 19.540020622434501 0 0 0 0.12963270751655867 116 3514 131 2249
565 3.2106774647434113 -4.5887644724929482 27.582539479757905 127 168 66 0.20634706192698837 116 4684 125 3198
24 -8.1309214026493457 -3.3194715248590483 30.100971624648228 153 176 105 0.5484279413375317 116 3208 131 1621
564 1.0682625315193808 -4.5513475508590213 28.609062259661229 164 199 81 0.19586277350860865 116 4687 125 3197
23 4.6861642678374515 -3.1960136127762433 27.716685303064953 159 187 105 0.19148028521826346 116 3193 131 2204
563 3.4334258505869788 -5.6766223734547214 27.352496473088742 172 205 101 0.029107365369918696 116 4674 125 3184
22 -3.2063507653661434 -3.6486538967776747 27.852192747776602 154 180 78 0.67808729911853238 116 3157 131 1669
562 3.3499137185890699 -5.8035289505208034 27.591258035496526 210 231 166 0.57215047273026332 116 4439 125 3183
21 -2.2077202150423454 -3.8305329117541493 28.021855682830168 216 234 160 0.47889412963548061 116 3143 131 1682
561 3.3580326175558319 -5.9793738493039799 27.332038833552943 148 183 93 0.067414059431694331 116 4666 125 3179
20 -2.9068230668852162 -3.8402167211545986 27.824207815400833 96 126 17 0.28157293501983294 116 3139 131 1227
560 -5.9570696938858472 -5.8942241223115905 31.481148647745837 85 102 57 0.87906380693414898 116 4678 125 3176
19 -2.9068230668852162 -3.8402167211545986 27.824207815400833 96 126 17 0.28157293501983294 116 3138 131 1226
559 -3.2533089479290682 -5.6592758103509331 27.016831210377628 202 216 154 0.19335930090200548 116 4672 125 3169
18 2.3224167427163684 -3.8808864637155569 27.878714318893564 203 231 144 0.19194329261929072 116 3134 131 1355
558 -3.1294172703575645 -5.7640121150378265 27.000227391868876 123 155 44 0.30119588396814834 116 4668 125 3166
17 3.1186189733223544 -4.7572131085759937 27.552327810748519 212 237 150 0.84839207994286925 116 3092 131 1340 125 1775
557 -1.4291814484376466 -5.904202624491238 26.395192088184498 206 223 149 0.63957969866286146 116 4663 125 3164
16 -3.1765727068176504 -5.1625297569861992 27.305185585628262 119 150 33 0.54998221816342108 116 3070 131 1183 125 1737
556 -1.1932139387107523 -6.0753246880600491 26.737538088837233 97 138 42 1.1351042406057721 131 2592 125 3162
15 -3.1863616648060322 -5.2415802698593037 27.268506832674838 209 231 152 0.64104016672151098 116 3067 131 1612 125 1734
555 -7.4315861466897921 -6.2488851279792623 30.828424000177364 224 229 196 1.0995678539141065 116 4442 125 3161
14 -1.2742594220834473 -5.7822640132462775 26.965672686860501 145 179 58 0.56569517072448938 116 3029 131 1629 125 2151
554 -4.1779757067464285 -5.8643384029169541 26.933829070782529 121 155 69 0.6103224497651013 116 4431 131 2812 125 3160
13 -1.1424756770491142 -5.8390946652533859 26.936437135932636 168 198 86 0.51018734104612384 116 3027 131 1631 125 2148
553 -4.2530722418494138 -6.1045635474725364 26.875576890632697 106 139 60 0.14082158140953932 131 2319 125 3158
12 -1.2275400525960216 -5.8385802615447835 26.9211236746517 210 235 145 0.58418726059707105 116 3026 131 2003
552 -1.759580607889192 -6.4801927411327549 26.66661892609941 85 91 63 2.1901287596411128 131 2580 125 3157
11 -1.3043057310230375 -5.8482879783057724 26.924363716649278 210 235 149 0.26182759414212742 116 3025 131 1624 125 1720
551 -1.759580607889192 -6.4801927411327549 26.66661892609941 85 91 63 2.1901287596411128 131 2581 125 3156
10 -1.3048851713631684 -8.0015837039187083 26.632789839924783 200 224 161 0.29893430273294197 116 2933 131 1577
550 -1.4421374160733647 -6.5709907714718581 26.588671061227814 113 150 57 0.1859576795082109 116 4654 125 3155
9 -1.3048851713631684 -8.0015837039187083 26.632789839924783 200 224 161 0.29893430273294197 116 2932 131 1576
549 -1.4127232274284958 -6.8734388036981215 26.580214541130889 122 160 59 0.53253819031321292 131 2579 125 3153
8 -0.33948227685877203 -0.78582151944419099 16.208455927901209 193 217 132 1.8432890503402566 116 2603 131 2644
548 1.9207014897303742 -8.2857197137261593 30.736801926289758 201 219 159 0.033513473192832918 116 4650 125 3152
7 -2.2336728273801061 -3.3637004431660729 28.307370868778786 153 170 101 0.0099657827761796026 116 2419 131 850
547 -8.5430255347273221 -7.1441989028740238 30.707530870699962 100 125 67 0.63319829799898797 116 4658 125 3147
6 -2.2336728273801061 -3.3637004431660729 28.307370868778786 153 170 101 0.0099657827761796026 116 2418 131 849
546 -3.1530949209353532 -6.9747038189957928 26.578204687692146 206 219 165 0.15306303314433239 116 4651 125 3145
5 -3.1806216478598093 -5.8069639898598275 26.95476254861553 156 186 84 0.15961336598339801 116 2224 131 1174
545 -1.4948523343420426 -7.1949742401806596 26.43168654005169 207 223 156 0.70078536537939784 116 4649 125 3142
4 1.183641073753237 -6.7817685828383052 29.852619041642125 167 195 98 0.11570331009027354 116 2210 131 1663
544 1.9170276653390079 -9.5364773399711193 31.013492162829952 148 180 79 1.845154603215879 116 4641 125 3138
3 -1.4507139277339278 -6.6973097323554196 26.623977787183865 164 193 93 0.31523740390336907 116 2182 131 1171
543 1.9170276653390079 -9.5364773399711193 31.013492162829952 148 180 79 1.845154603215879 116 4640 125 3137
2 -3.0402761238234648 -3.96851314891726 27.737036689460506 210 228 160 0.37645251093816734 116 1511 131 487
542 -1.7012376616440357 -8.0362863316422661 26.491994435697688 215 229 175 0.14180896522875569 116 4643 125 3134
1 -10.634775792356987 -4.503389606053001 34.006668917279612 0 0 0 0.33611841311671226 116 215 131 766
127 3.2892534679892997 -4.4150124291792139 27.526963869483463 222 233 190 0.70068485553252069 116 4827 131 2884 125 3355
258 -7.692621314394585 -1.2964687900655028 26.699757613801907 92 117 51 0.097383356095214521 116 3322 125 1901
259 -4.5883351676385518 -1.115142427340083 27.83937086615104 162 182 98 1.1521917287817389 116 2629 125 1918
260 -4.896480401856901 -0.64124267496669973 25.831362528233331 156 176 107 1.20697171683011 116 2668 125 1924
261 -5.0819321710077867 -0.58641181398133146 25.642411063079255 182 195 152 0.3810066976586684 116 3868 125 1925
262 -4.8525288345046889 -0.61007612752955609 26.022647935255193 191 211 148 1.0395815754618103 116 3383 125 1926
263 -4.9051566064265675 -0.50545659396263387 25.806842878813246 185 205 144 0.83049366981523565 116 3390 125 1931
264 2.5257318887037816 -1.1706071735012693 27.017114208480987 154 189 97 0.1232164214998691 116 3336 125 1941
265 -0.36422680384378425 0.02348747336263074 23.940308824128831 114 140 79 0.38491040752960387 116 3904 125 1974
266 1.9725248298140665 -0.0032775889442612943 25.831336761080575 171 193 130 0.016960903988591541 116 3418 125 1976
267 -4.7910938918127624 1.8268499812065417 26.17553203060433 72 94 19 1.1172908107113284 116 3483 125 1989
268 -0.50614923578330828 1.5386588106927492 26.202631996666092 101 131 41 0.12642804052437634 116 3933 125 1992
269 -0.45284060576781499 1.6311807822361142 25.863755840793438 108 141 50 2.0417996151171911 116 2814 125 1993
270 -0.12893765942823696 1.6429987516157838 26.066436735004093 88 122 27 0.88611330253365161 116 3936 125 1994
271 -6.0398559237082017 2.4346124414379813 25.128407548812177 94 111 61 0.86772331330700569 116 2838 125 1997
272 -0.41162643438718122 2.0255319981307984 25.499574781869587 81 112 19 0.49142313045386415 116 3490 125 2003
273 -2.368112437587095 -9.3719670477935928 26.440612174603814 116 149 68 0.43801107505657194 116 3535 125 2042
274 -2.2445840098261436 -9.1325800247609976 26.245913872173187 157 183 95 2.8703577089691663 116 3979 125 2043
275 -2.5308232914013491 -8.695925647271908 26.396575880181096 168 196 109 0.62822335789612949 116 2914 131 1561 125 2045
276 -2.5963283247207696 -8.6697598408873198 26.448501481711318 101 135 49 0.47264612600261668 116 3545 125 2048
277 -2.6970045399841749 -8.281675165082202 26.386812722160396 137 172 80 0.94174725934613734 116 3548 125 2052
278 -2.1904657949033361 -8.2363441037742824 26.409830685765211 171 196 103 1.2936517733667767 116 3551 125 2055
279 -1.7240525600804144 -8.1907695622115408 26.561225346080107 117 152 71 0.45517787807875587 116 3553 125 2058
280 -1.9760200781996939 -7.9732749929477951 26.321560145454303 176 202 103 1.4305366605881398 116 2927 125 2059
281 -1.9760200781996939 -7.9732749929477951 26.321560145454303 176 202 103 1.4305366605881398 116 2928 125 2060
282 -1.474781982707472 -7.9917548127057954 26.560588795029755 173 200 121 0.79215261767958123 131 1575 125 2062
283 -2.5975808160103151 -7.8164830606790749 26.509169926944587 217 231 182 0.71964337275692614 116 3563 125 2063
284 -1.8182158113060058 -7.8317377554606358 26.385556327383906 130 158 58 0.77294569319936868 116 3561 131 2309 125 2066
285 -1.8321658996173893 -7.7684280947009299 26.565627114507258 143 167 68 0.593952949600419 116 3565 125 2067
286 -1.3023314331223403 -7.7025384413274569 26.554728712058711 124 154 68 1.0334233803343804 116 3567 125 2071
287 -3.5884763353344562 -7.2068183072155971 26.688821839246327 123 152 62 0.71800331888375313 116 3584 125 2081
288 -3.5625831651086814 -7.0571738110941507 26.732603491039118 129 157 69 0.51348653636952224 116 3591 125 2086
289 -1.6030493146855267 -7.2421238533284535 26.556836997166098 172 195 105 0.49965396934970074 131 1584 125 2087
290 -1.319904609771412 -7.304938508925094 26.701766973476843 119 154 51 0.072701929478198396 116 4017 125 2088
291 -2.9727205795821541 -6.9935315361174846 26.529784603190095 135 162 58 0.060993678680108729 116 3593 125 2091
