# 3D point list with one line of data per point:
#   POINT3D_ID, X, Y, Z, R, G, B, ERROR, TRACK[] as (IMAGE_ID, POINT2D_IDX)
# Number of points: 190, mean track length: 2.2105263157894739
55 5.7510584826886539 0.63557124492512618 18.716485743134992 83 105 58 1.8355688331196056 201 7032 185 2205 177 4107
1 1.2424291463162636 3.3753450636954345 17.257186753198965 238 221 216 0.12182517546643223 201 2039 185 610
128 2.9037927168605568 0.64832543756686478 18.351564913973323 179 177 129 0.1268703849979762 185 1109 177 3150
2 0.76914979816291895 3.5189439058917085 16.920230082173713 204 178 182 0.34709560701514375 201 2094 185 636
129 4.3340194966788141 3.3221363266475228 17.715416475267048 138 140 106 1.0305851022450483 185 1810 177 3192
3 0.47841242650641042 3.9779758078094245 16.541014435556885 0 0 0 0.55995893776739791 201 2322 185 668
130 1.5200572378281503 3.2108651641956469 19.14672122026273 221 203 199 0.14004401780510412 185 1829 177 3444
4 4.786665800473326 0.8259331473165249 18.772950243156863 195 164 170 0.56322541867812759 201 2862 185 753
131 6.2819535292719966 1.2932079301129571 18.956737744154324 87 81 51 0.18794229004915847 185 1976 177 3528
5 5.7709208537803063 0.97859065246408561 18.676899861212398 211 173 191 0.58129130292458164 201 2905 185 744
132 5.0883105335444814 0.71138645496644837 18.699729520583283 195 182 158 0.42888233145098104 185 1083 177 3541
6 4.918582775358189 0.73409490763019403 18.731725464982841 191 178 163 1.8178864531870267 201 4220 185 1089
133 4.9251063994886701 0.6746131653612979 18.742757055553469 111 120 75 0.19186312120863486 185 1669 177 3542
39 2.7652194152009448 1.6226115172441027 18.668383164784732 148 131 109 0.19179207859184916 201 6777 185 2023
166 2.656337862341676 -1.3521986105793096 20.856893556787448 116 127 73 1.1836793074263612 185 2162 177 4153
40 0.98974349851768506 3.4385631229348577 17.138504421812954 128 103 107 0.47264353353920596 201 6874 185 1855
167 2.4735459313349342 -1.2223220038432967 20.864911175851077 124 145 89 0.074169138471964935 185 2166 177 4162
41 3.2464912479000509 3.7568486082444674 17.809860677882902 133 157 97 0.31483248928256991 201 6892 185 1536
168 5.1207283980379401 4.2968498527617598 18.539434112685974 133 105 74 1.6690998951569729 185 2451 177 4200
42 3.7187196395604967 3.8698108744672055 17.504009624915067 232 216 217 0.89002581780268364 201 6901 185 1841
169 0.93685325559102395 2.7889248282686641 18.165494660434746 119 111 80 1.6801179451053483 185 2304 177 4263
43 3.0551693041193468 3.940118545004093 17.974590414628011 222 206 206 1.3486470971974462 201 6905 185 1851
170 5.8209504004341062 0.86009667241550458 18.675435052269926 80 103 47 0.47101920507119482 185 2384 177 4275
44 2.900324612461342 3.9626775378097259 17.929458774653469 244 239 234 0.62803146552064792 201 6906 185 2100
171 4.5607588864806994 -0.076443238744607428 19.317182926967398 210 181 176 0.24921483222166224 185 2370 177 4289
45 1.5155949797558304 -2.2128507531232904 20.570059476495452 176 186 149 0.13790889111579208 201 6973 185 2147
172 4.7838094201362393 0.40490299197104734 18.974058535821268 231 194 201 0.55517323048496992 185 2208 177 4292
46 2.8214275005535225 -1.4507890863553501 20.721026756213902 159 164 141 0.23093403653933123 201 6981 185 1909 177 3564
173 5.1399661022261123 1.0817781744334978 18.470617025021671 227 194 201 0.31116763163833761 185 2400 177 4295
47 1.8984323763164181 -1.3840450858723465 20.710673048789371 159 169 145 0.044110795563156731 201 6982 185 1617
174 4.3071273826538388 0.039391560455868696 19.272334435905382 35 32 13 0.40040088458143464 185 2191 177 4297
48 2.491201989349304 -1.3990891807813306 20.754437931666924 152 165 137 0.40052774037512423 201 6983 185 2160 177 4157
175 4.8449422008170977 0.93559749761916411 18.522538059406063 114 145 77 0.16284805606290781 185 2235 177 4299
49 2.2064994862815679 -1.0765286914826262 20.853949383938915 168 177 158 0.17215526905759038 201 6990 185 1919
176 6.896922275597384 2.749948525444879 20.253403141683147 166 132 94 0.77768755580256865 185 2269 177 4302
50 5.4053059229700668 0.50557334138072163 18.784475405495545 216 184 192 1.0659910660264356 201 7024 185 2203
177 2.460541619385114 -1.5319326189981717 20.662245273763798 221 191 197 0.46249492555533755 185 2358 177 4314
51 5.4084910972650171 0.50368476651811422 18.816556351490615 216 184 192 1.110274320086666 201 7025 185 2204 177 4279
178 2.3782805019604152 -1.4564839583665823 20.761613713063866 224 197 204 0.18114885255996016 185 2360 177 4316
52 4.6718350797199157 0.50213497005486707 18.989130731229828 95 118 76 0.67718553094076095 201 7027 185 2217 177 4298
179 1.7945291824286287 -1.8897349209747303 20.541905872590124 222 192 201 0.22221640259689379 185 2354 177 4319
38 5.990532522415684 0.87814113439133645 18.770389590238917 198 165 176 0.039966310140691901 201 6726 185 1667
165 2.656337862341676 -1.3521986105793096 20.856893556787448 116 127 73 1.1836793074263612 185 2161 177 4152
194 1.1347509524955135 2.251664619848488 18.102955321718685 230 221 212 3.0488546908778802 185 2601 177 4567
8 5.1064983368970829 0.75565350833410916 18.642945664947312 117 123 82 0.66265355659201497 201 5325 185 1378
135 2.3285426545240786 -1.3558745203109734 20.858203544956393 166 158 140 0.88451138718346956 185 1615 177 3585
54 5.0178433941848297 0.57933035552741829 18.833753863739293 220 183 199 0.75047355451347253 201 7031 185 2214 177 4290
181 5.2570479048609231 4.1075322867169781 18.515621566357449 209 205 190 1.3611138912447016 185 2448 177 4343
37 4.9306230902810908 0.67855711847905364 18.760405557171413 104 110 68 0.483082072372578 201 6718 185 1670 177 3543
164 2.4586187305291758 -1.6436764720684074 20.622442728968355 212 179 185 0.032831330458333002 185 2156 177 4150
193 0.096167391374877037 0.32382896280683915 18.994828803808097 0 0 0 2.6143818514184938 185 2513 177 4375
134 2.2866108498624982 -1.654854152594996 20.665171675208217 162 149 117 0.84739773761704185 185 1609 177 3576
53 4.4594700609778721 0.51798348836522035 19.087260894707267 213 177 189 0.74037175490362594 201 7029 185 2219
180 1.7810547970940669 -1.7512556467474574 20.651738020550294 99 128 64 0.2272135495463567 185 2355 177 4323
191 0.70601384269228318 0.93061418768000326 19.188093519738118 0 0 0 1.2876549624287712 185 2564 177 4527
63 1.019215263511924 3.382679303514597 17.214999891254276 233 217 218 0.41786054048026722 201 7129 185 2102
190 0.70601384269228318 0.93061418768000326 19.188093519738118 0 0 0 1.2876549624287712 185 2565 177 4526
62 6.4993574461733363 2.9206467120815263 20.764378754941546 197 204 169 0.2031734732387433 201 7115 185 2279
189 5.0143096970568761 4.1610261808358775 18.617899717573014 8 5 0 0.70138845451365306 185 2573 177 4518
61 2.8765520865337493 1.7102928874540189 18.654149972549956 155 148 103 0.44276567872378225 201 7073 185 2025
188 2.5713068885620154 -1.2901530424167862 20.897254087653188 158 152 116 0.059457832679194522 185 2548 177 4504
60 6.0877197155023968 1.4650965517989409 18.645437414768768 207 160 176 0.44383552490917311 201 7065 185 1985
187 2.2793154941166835 -1.7402621628476458 20.52290636065543 101 124 61 0.27005449716904195 185 2546 177 4503
69 4.652805355091556 0.38436877346934328 19.070958925220747 221 177 194 0.38152152002142842 201 7233 185 2379
70 5.1601167957611063 0.42539102493538 18.917179878692611 75 104 51 0.75385141540263811 201 7235 185 2202 177 4114
71 5.2508381198925385 0.48832937466958615 18.802497581361461 216 173 185 0.49779239970413447 201 7236 185 2377
72 4.7756720118657601 0.64267691076240641 18.751040934983667 213 180 189 1.4506756800876679 201 7240 185 2385
73 5.3705007123168764 0.74339089687714655 18.635101438901565 91 126 59 0.81591948119605251 201 7244 185 2220 177 4284
74 5.6813104959409939 0.73843839807156475 18.698922975710364 220 181 199 0.80068285651895088 201 7245 185 2216 177 4276
75 4.8114413751879166 0.83888288715827142 18.691587288726772 199 166 173 0.16101565870664286 201 7248 185 2392
76 5.6771314881630994 0.9315133736898743 18.585748134918024 229 201 213 0.82977734407430714 201 7251 185 2388 177 4281
77 5.988366765837795 0.98019086864114269 18.644992475394396 233 201 210 0.11472316528306717 201 7256 185 2224
78 4.7457498535575064 1.0517945876682888 18.59194967204504 98 131 63 1.4705693112217813 201 7260 185 2243 177 4142
79 6.1369055174963698 1.1629416888769333 18.788274651644162 83 108 47 0.63415379862356613 201 7266 185 2229
80 4.7117986874277129 1.2787856658226462 18.511228883420589 88 113 51 0.058775146914986413 201 7269 185 1992
81 5.3665772566047831 1.2830978666407977 18.445952745393868 98 133 52 0.91174309420856403 201 7271 185 2411 177 4294
82 6.0447111250844188 1.3557246998666563 18.700867792283606 81 107 51 1.1528923688696087 201 7278 185 2240
83 6.0447111250844188 1.3557246998666563 18.700867792283606 81 107 51 1.1528923688696087 201 7279 185 2241
85 3.2484877169224253 3.847007836936339 17.834159114419222 236 210 221 0.48324407485529008 201 7329 185 2313
86 3.2525919991437027 3.95546777981609 17.792318981196765 164 188 116 0.55295144765177884 201 7333 185 2317
87 3.2525919991437027 3.95546777981609 17.792318981196765 164 188 116 0.55295144765177884 201 7334 185 2318
88 3.689447464544009 3.9440018384274662 17.50620417975615 199 215 176 1.5901043789842633 201 7335 185 2091
89 2.0772751955820201 -1.938242249588753 20.554448669476109 222 197 214 1.3651158304238111 201 7376 185 2349 177 4428
90 2.2158864848593951 -1.8697871094473295 20.520952998471095 119 149 88 0.4972532104197967 201 7378 185 2350 177 4312
91 2.2145785566924645 -1.8668145954868434 20.515368309102239 119 149 88 0.042132877238409722 201 7379 185 2351
92 -0.077265823345067514 0.2141304728276606 18.706573170763317 194 186 164 0.4959440269109599 201 7393 185 2251 177 4243
93 -0.077265823345067514 0.2141304728276606 18.706573170763317 194 186 164 0.4959440269109599 201 7394 185 2252 177 4242
94 3.8600875305039724 0.72260478429024266 18.348282343985574 231 237 216 1.6794356600711873 201 7413 185 2506
95 4.6302924495778406 0.77952115314658788 18.826173331702616 222 195 202 0.042976477017989706 201 7416 185 2391
96 5.2540778820315497 0.83979849337444001 18.623848428466637 224 197 206 1.0914996295184058 201 7418 185 2389 177 4403
97 3.7004952966747715 0.96810502241617857 18.003414173364092 232 205 214 0.21262691145561524 201 7419 185 2413
98 5.298735611596757 0.98305811948020683 18.547767227406936 108 139 71 0.29062635817371452 201 7423 185 2393
115 4.3463658169925274 3.425626845482336 17.676540698955954 234 231 226 1.101066535625411 201 7562 185 2445
116 4.8735565000968002 3.6266909315737652 18.363033839715435 148 132 98 0.40102510813771464 201 7568 185 2444
117 4.6279843702524248 3.966705959241366 17.92441443513265 231 222 218 1.0362220247229186 201 7603 185 2535
118 5.2502338562084736 0.94538023157918261 18.472390182150964 153 169 104 0.1199783838449297 185 389 177 717
119 5.3553091399162147 0.98363406159293287 18.531156822982581 150 163 104 0.37688869777898482 185 392 177 1519
120 2.8739076699737249 -1.136322800147668 21.008200631713123 217 184 182 0.16524020947498164 185 694 177 1552
121 2.6144425006478338 1.6976833695754636 18.525752488949941 197 158 159 0.85409370895139813 185 471 177 1734
122 0.88611702935161052 3.5947478088938487 16.882653694490816 238 218 220 0.47857392141056077 185 994 177 2306
123 5.108948208997611 0.79516946637984121 18.607729583642339 222 206 200 1.2811469408005687 185 1090 177 2360
124 1.7088797168365411 0.77433331782150061 17.907432844656949 216 214 169 0.11495962391386355 185 1121 177 2570
125 1.625204119106221 0.86540721538112775 17.831587856569179 129 93 97 0.13027306159261506 185 1125 177 2588
126 3.5721900274466489 4.3981898705691949 17.726020303479807 197 202 162 0.66386220565149301 185 1277 177 2711
68 3.6236951060366094 -0.17968494619821865 18.847521314798279 217 200 183 2.2991456752058008 201 7215 185 1940
127 5.3712437644498072 0.94818004818490242 18.511074080293206 118 128 68 0.75067514362989907 185 1680 177 3041
114 5.8468648607271527 1.4319969613076859 18.563244577563772 229 204 199 0.76144115436167803 201 7533 185 2412
113 5.6067042599699848 1.1079783449323963 18.546192887275598 99 135 61 0.68820284990899872 201 7526 185 2504 177 4402
112 5.607773602108665 1.1073087419474239 18.551587631197567 99 135 61 0.94870238821519759 201 7525 185 2503
111 5.4914957568501954 0.88123498782628018 18.512681617634691 227 198 210 1.6662666835892199 201 7520 185 2554
110 4.9891300053214724 0.82057498148547359 18.708720999350504 225 199 210 0.63928686419533909 201 7519 185 2501
109 4.9891300053214724 0.82057498148547359 18.708720999350504 225 199 210 0.63928686419533909 201 7518 185 2500
108 5.9855278282545736 0.72042234968132113 18.772402803499503 172 138 139 2.1429792058271016 201 7516 185 2552 177 4491
107 2.1039041328370303 -1.2798440350722071 20.758238478092327 159 173 148 0.3195719588563703 201 7492 185 2481
106 2.1960530178158102 -1.4628489078056037 20.718556048852044 227 207 216 1.2382703810266766 201 7490 185 2547 177 4507
105 2.0715476698122677 -1.7039873099955032 20.607823196155962 229 209 216 0.68807914235790457 201 7487 185 2479 177 4506
104 5.672959642192394 1.2971266401121617 18.503188988102465 233 203 209 0.75058125740064208 201 7436 185 2408
103 5.8380906797896488 1.2510437855910415 18.547352555276106 101 135 74 0.41875693095875671 201 7433 185 2403 177 4286
102 5.8380906797896488 1.2510437855910415 18.547352555276106 101 135 74 0.41875693095875671 201 7432 185 2402 177 4285
101 4.7986439033225494 1.1719164456391122 18.593748821895108 222 185 202 0.47353777205152525 201 7430 185 2507
100 5.3525660841542262 1.1185181225402514 18.515499421929974 232 195 216 0.63608497369222805 201 7428 185 2399
99 5.2964512913491362 0.98509739405734775 18.540414983470189 108 139 71 0.52777310937091337 201 7424 185 2394 177 4404
67 1.9383045884914236 -1.717121785317727 20.673019275379179 227 206 215 0.51080136558842149 201 7197 185 2356 177 4321
66 1.7570261515715317 -2.3073978806647459 20.534828192915334 92 107 74 1.0592095803163817 201 7190 185 2347 177 4426
65 1.5694556519349394 -2.4547419501571586 20.702455062451868 187 194 176 0.55609227571518804 201 7188 185 2146
64 2.6592602818917155 4.0818319366457185 17.079687905924722 238 224 226 1.6994705609214162 201 7153 185 1865
136 1.7186017898896078 0.81208837006751666 17.897068663064577 63 43 32 0.25929110715572823 185 1428 177 3684
9 1.3945254951538348 3.5349295635262128 17.219330507294345 241 219 222 1.8662584795463155 201 5792 185 1557
137 1.7608568610204895 0.90599842020380428 17.88487360440627 54 24 22 0.098955370221461877 185 1430 177 3686
10 1.0473748957744657 3.6172568784625492 16.962467852816452 213 180 191 0.69418277395626682 201 5808 185 1577 177 3499
138 2.5864557259581411 1.7678409149193679 18.690753464139057 239 219 218 0.52705234736425299 185 1765 177 3688
11 1.0473748957744657 3.6172568784625492 16.962467852816452 213 180 191 0.69418277395626682 201 5809 185 1578 177 3500
139 1.6724446160699857 0.92184023502953716 17.864635253766703 229 214 211 0.7351198139730325 185 2006 177 3692
12 5.0316956647467608 0.37877877496919088 18.96897209337024 119 95 83 1.6286192127243193 201 6112 185 1360 177 3036
140 -0.058400493100536605 0.43799002127355108 18.950199504504411 100 68 62 0.30189447644857947 185 1721 177 3792
13 4.5639875450746654 0.5176785402918993 18.994878678967712 115 116 88 0.27080649465244339 201 6122 185 1665 177 3555
141 2.6888964025782056 4.0101179728333438 17.028584091564827 108 89 88 0.86302782420929258 185 1859 177 3802
14 5.2503134382659518 0.58734228893421137 18.709443146967203 102 102 65 1.7683014902387395 201 6125 185 1659 177 3872
142 1.4775701788010545 3.2540276964002457 19.095588544057858 164 179 113 0.69264319022487042 185 1830 177 3823
15 4.340600914450035 0.54229956684165948 19.163722803255034 148 160 111 0.96052979612805967 201 6128 185 1671
143 1.4775701788010545 3.2540276964002457 19.095588544057858 164 179 113 0.69264319022487042 185 1831 177 3824
16 5.5817474447780624 0.70928743143133322 18.732805270811198 103 107 77 1.8025441434895368 201 6142 185 1663 177 3531
144 5.3727942203584034 0.42426305205982062 18.897008443847501 109 120 86 0.25503463733330339 185 1950 177 3869
17 5.7300739959985458 0.80658157825181842 18.672812505099337 113 116 77 0.99488519618209015 201 6161 185 1079
145 4.8857970557564974 1.1664308031540627 18.450282442449758 154 163 139 0.90428349171463007 185 1984 177 3902
18 5.9985101161979015 0.81650072221476622 18.706365599699797 99 94 67 1.305672041381279 201 6163 185 1662
146 2.9510357871081903 -1.4002095132243375 20.812197440385674 159 147 119 1.6942318998012895 185 2157 177 3909
19 5.0880022685171937 0.91176972348375673 18.620717333279693 129 126 97 0.50300498515372527 201 6173 185 1684
147 2.2918185580128347 -1.9501336592308167 20.454553170710746 215 184 188 0.1757978655381377 185 1899 177 3913
20 5.044954798115068 1.0480680030267944 18.505135964004193 119 115 87 0.53526267250602 201 6196 185 1106
148 2.5554824070965556 -1.5767718077162534 20.63924938197826 91 101 59 0.50240631670831171 185 1906 177 3919
21 3.6507892335519996 1.1684591121510888 17.97709752270125 232 218 217 0.21318454581439558 201 6198 185 1423
149 2.5554824070965556 -1.5767718077162534 20.63924938197826 91 101 59 0.50240631670831171 185 1907 177 3920
22 6.1860178859452191 1.1078928795542076 18.717655800086746 187 155 156 0.030987415948769921 201 6209 185 1385
150 2.8565410284455632 -1.2845183718310358 20.822915703518866 116 126 85 0.62781820037966773 185 2163 177 3921
23 5.3079721256832721 1.3246602893114661 18.469281445683741 120 140 86 2.2277788378576964 201 6222 185 1408
151 2.3602043732833642 -1.5909748067211862 20.668853882344045 100 101 61 0.14172645818067997 185 1908 177 3928
24 2.7346607541581638 3.2442345389418095 17.732400120996694 195 168 159 1.4812204224368375 201 6423 185 1520
152 2.5638472657107574 -1.3011272530097797 20.830393761280806 153 149 112 0.57458829704230074 185 1614 177 3929
25 1.0296512527940016 3.5698495608748813 16.980998747925103 239 220 226 0.78416686283945403 201 6465 185 1572 177 3848
153 1.9715981947509578 -1.8197834838303462 20.545941357206239 130 138 96 0.50984377629589106 185 1900 177 3933
26 3.4547625602257512 3.8137969566212044 17.727867310013984 141 163 98 0.64702528293781247 201 6492 185 1537
154 1.9715981947509578 -1.8197834838303462 20.545941357206239 130 138 96 0.50984377629589106 185 1901 177 3934
27 3.2678832805484181 3.9843290541531053 17.71329203467922 138 153 88 0.66451771477074617 201 6510 185 1549
155 2.6462905726804142 -1.1576089692548734 20.956163219050111 110 123 83 0.38921636976703217 185 1915 177 3935
28 2.2166778464667982 -1.6250647185836398 20.614766762342821 119 131 93 0.5985387712662138 201 6619 185 1610
156 1.811877632574856 -1.6327992638046023 20.694547983919989 209 189 181 0.11146377561798626 185 1912 177 3945
29 4.0566585225871599 -1.182965826315507 19.484696848604575 173 184 147 0.40252540755324961 201 6621 185 1904
157 3.1590731282887519 1.7788328125884387 18.687364069529902 217 209 193 0.24503006263288646 185 2272 177 4004
30 1.9937657060182936 -1.2550811812572251 20.838773210851283 161 168 152 0.26174100635057956 201 6628 185 1333
158 3.0281819265842254 3.1956911619725359 17.459152628529978 228 214 206 0.023996268066984301 185 2303 177 4044
31 4.7711652107086353 -0.24868164230800788 19.62046211801648 173 167 155 0.43258282711272822 201 6655 185 1623
159 4.7894556025420716 0.29838015373820076 19.038088690971275 104 126 82 1.2017413167488076 185 2199 177 4125
32 4.5732618613435534 0.43953060737397126 19.073972329294907 209 177 183 0.92892882665581 201 6696 185 1958
160 4.5183936172114967 0.043002221785622463 19.230728199177079 37 30 11 1.720044135909236 185 1941 177 4129
33 5.6393187018029982 0.6516191865369797 18.761678501621926 216 174 189 0.70733277784566928 201 6711 185 1955
161 4.721015659775901 0.56886095754414456 18.857302854023118 221 190 195 0.5042977792706278 185 1962 177 4134
34 5.6358370187468525 0.65362127926078684 18.736101356180363 216 174 189 0.72357795264490277 201 6712 185 1956 177 3867
162 2.5617152888128074 -1.880496197724401 20.427456496411779 104 130 65 1.4884856842324186 185 2149 177 4140
35 5.0344518998980332 0.66495246169618261 18.736136368063335 101 117 70 0.9176276409692411 201 6715 185 1963 177 4126
163 2.4586187305291758 -1.6436764720684074 20.622442728968355 212 179 185 0.032831330458333002 185 2155 177 4149
36 5.0344518998980332 0.66495246169618261 18.736136368063335 101 117 70 0.9176276409692411 201 6716 185 1964 177 4127
183 2.330616765335721 -1.191215634717516 20.921256153583997 230 203 212 0.12591895576777962 185 2482 177 4437
56 5.1816725666505654 0.73517744682077135 18.675877943384521 103 131 71 0.90056630259269588 201 7035 185 1966 177 4121
184 3.9180867913937747 1.6012422930327954 17.75930425286106 222 202 195 1.136491748527519 185 2517 177 4447
57 6.0904292458660594 0.73080228674582182 18.835760624401516 191 153 165 0.040713172513842794 201 7036 185 2209
185 5.2754228002173891 1.768449253052317 18.889716638690889 1 0 2 2.6936416056679446 185 2589 177 4501
58 4.8969256758227679 1.1717793278515889 18.478576688823477 114 137 84 0.85473677212431109 201 7044 185 1983 177 3901
186 5.2754228002173891 1.768449253052317 18.889716638690889 1 0 2 2.6936416056679446 185 2588 177 4502
59 5.6991013072820227 1.4202573882841589 18.499651755032314 108 132 63 0.66950514084296453 201 7060 185 1704 177 3881
