# 3D point list with one line of data per point:
#   POINT3D_ID, X, Y, Z, R, G, B, ERROR, TRACK[] as (IMAGE_ID, POINT2D_IDX)
# Number of points: 633, mean track length: 2.4644549763033177
1621 -3.6853422540688996 0.37819120530130845 20.533990771989835 172 189 159 0.24975728816045911 155 7192 153 9100
2730 -1.0067123710110133 -1.0530315216140258 20.985874192706948 19 38 8 0.60330877453971388 155 9765 153 11558
1615 -3.4233759437831028 0.13618341610137072 20.522978786413624 165 186 169 0.25647075206415443 155 7162 153 9087
2724 -2.6115686218954957 -1.4948676430068895 21.291891593939781 123 155 131 0.86878785469187014 155 9756 153 11548
1613 -3.5589452206174168 0.031237669292413592 20.579961562481259 206 223 212 0.14834978342174399 155 7148 153 9079
2722 -1.7825996056524289 -1.5961392554790859 20.774109776697749 227 237 234 0.10683883945934788 155 9750 153 11544
1609 -3.6571105414671732 0.0029215006376318063 20.708444856409407 141 167 143 0.59998837479435019 155 7137 153 9074
2718 -2.0483281022975084 -1.7898232843499291 20.895833818209979 141 171 145 0.8911920265821105 155 9926 153 11536
1604 -3.5953208195722133 -0.17302112514187673 20.803298025316888 215 228 221 0.14876470453015736 155 7117 153 9057
1603 -3.5953208195722133 -0.17302112514187673 20.803298025316888 215 228 221 0.14876470453015736 155 7116 153 9056
2712 -2.7978655255321985 -2.0006997363012542 20.806077073202037 94 121 80 0.24749373093073257 155 9737 153 11526
1602 -3.7088651878904657 -0.25434617838872692 20.806000314107784 226 237 230 0.19073485565724868 155 7099 153 9043
1599 -2.8639101052543179 -0.30203444217249975 20.899023128086569 136 160 139 0.52412772434299404 155 5780 153 9039
1597 -2.9019539611540708 -0.37541798756655365 20.549877175977283 132 158 136 0.37013260250967173 155 7083 153 9033
1594 -3.3888525935555069 -0.43445610053606548 20.917586799920002 153 173 162 0.29899851024365071 155 7072 153 9027
1584 -3.0494501150635966 -0.66111472105152735 21.044197405749799 38 54 46 0.25556914227016914 155 7046 153 8997
1581 -1.4936582466408814 -0.73832332591387895 20.726456768306956 161 182 167 0.22259827808096494 155 8040 153 8991
1577 -2.4661915280716853 -0.80315517788119484 21.122418752982046 157 183 158 0.50469965741276435 155 7028 153 8975
1576 -2.4661915280716853 -0.80315517788119484 21.122418752982046 157 183 158 0.50469965741276435 155 7027 153 8974
1573 -2.4726512320395573 -0.84260211537066054 21.088811700199525 109 139 115 1.7378121870965835 155 5717 153 8968
1556 -1.4757091906423949 -1.1293900875984602 20.801917722003864 187 208 190 0.14895619666601689 155 6983 153 8918
1545 -1.5999349664215308 -1.3333203893131644 20.978789996263782 174 192 183 0.14176713866849458 155 6948 153 8878
1534 -1.2325515379840513 -1.4808033130548315 20.731149929207707 121 148 101 0.36665697481764281 155 6926 153 8848
2643 -2.5478255520344022 0.66162415258225904 19.889400288671407 210 227 191 0.17042535407396445 155 9606 153 11390
1527 -1.5306004152478574 -1.5382265950694982 21.012221539615112 187 212 193 0.2128249735282178 155 6909 153 8835
2636 -2.5237168605834146 0.011475045232587444 20.233736705301279 213 229 218 0.13645360662993972 155 9590 153 11370
1511 -2.3677708600450731 -1.8367000269140539 20.829278367698986 221 233 223 0.011501836350803322 155 6849 153 8773
1505 -2.2687590244287477 -1.8627729738210326 20.850177665023111 213 230 215 0.02108407831832014 155 6842 153 8765
2614 -1.9222277117910953 -1.2463249117625221 21.187895363152748 220 235 230 0.36009753357398372 155 9546 153 11326
1504 -2.2687590244287477 -1.8627729738210326 20.850177665023111 213 230 215 0.02108407831832014 155 6841 153 8764
2613 -4.1294067025788852 -1.260535179118258 21.18595388879589 194 214 177 1.1840785940305429 155 9543 153 11325
1503 -2.5564264992705823 -1.8692330285505159 20.99120614512664 124 148 126 0.28824962410368959 155 7893 153 8763
1497 -2.8221166997809863 -1.9145809726482925 21.387756274498752 205 218 208 0.19716457924251179 155 6836 153 8751
388 -0.068932106811674068 0.3207870678899532 23.207831067700766 224 234 233 0.24372995929021157 155 10065 165 10557 153 11753
2606 -1.9527809196976971 -1.6744008354419135 20.89351248475219 227 236 232 0.046974380522143123 155 9526 153 11309
1496 -2.7418926906517398 -1.9132317547719906 21.07825240635264 185 200 192 0.24980190023836646 155 7892 153 8750
387 -4.5263484866148733 -3.3300632219006383 22.850038212121238 223 232 231 0.50019527383090401 155 10020 165 10518 153 11678
1494 -2.9634442423008776 -1.9225059187917077 21.048675299272887 137 161 141 0.17724344760376215 155 7888 153 8748
385 -0.5776593234515448 2.0347757419522527 22.886492287680738 118 143 137 0.64391338777342111 155 9982 165 10573 153 11778
1473 -2.9022631735048408 -2.1611617851754747 20.972618061610248 114 147 97 0.18144043734515375 155 6777 153 8697
364 -4.844832010078477 -2.8822066840486777 22.732987574029075 215 225 224 0.22393583889685229 155 9720 165 10262 153 11506
389 -0.28483381456791784 0.50946105503360117 23.199747695464954 103 136 107 1.0587191822195576 155 10070 165 10561 153 11847
386 -6.4180112794628705 -5.1614772467537238 24.31199821955693 208 219 211 0.91956900068214575 155 10000 165 10392
384 -0.43295822148446672 1.5667511711642426 23.068585738950805 204 221 215 0.32558246599164831 155 9980 165 10491 153 11773
383 -0.71726462559691007 1.3178855169278951 23.003734216760272 63 71 72 0.32967532504490532 155 9979 165 10485 153 11771
382 -0.35769904482420178 1.1819140570922577 23.200734100024853 93 127 99 0.49064175042693331 155 9977 165 10484 153 11769
381 -0.2608505166171266 0.8980729802295645 23.34117195850428 97 130 101 2.0725763374667454 155 9975 165 10567 153 11766
380 -0.0043901373915742952 0.74225597223848128 23.211448773374791 97 126 106 1.5153851355187207 155 9972 165 10475 153 11763
379 0.14224260026125812 0.55244542138164832 23.226051521323171 221 233 231 0.05307062412923598 155 9968 165 10474
378 0.14224260026125812 0.55244542138164832 23.226051521323171 221 233 231 0.05307062412923598 155 9967 165 10473
377 -2.4280223274408179 0.19482917958704296 20.103906686965175 229 239 240 2.4617531900182592 155 9963 165 10339
2595 -2.7454584950933385 -2.1132177525325457 20.727805076945852 183 200 157 0.12712795112500641 155 9497 153 11295
376 -0.26532619411351804 0.30748922120937233 23.212439242208706 225 238 231 0.49639281665959595 155 9961 165 10471 153 11752
375 -6.3391686949621784 -4.8609758438380313 24.339242106389914 121 146 141 0.8085847964494991 155 9859 165 10230 153 11650
374 0.4744849056659568 -5.5134401621975799 25.601423114563321 117 145 138 0.040462928131496489 155 9856 165 10397
373 -0.47009572925498533 1.8108998324401702 22.987727444823438 206 217 211 0.72176856910216725 155 9834 165 10495 153 11624
372 -0.9402880086198232 1.4781032978129074 22.853823125836065 107 134 117 0.9081959094351908 155 9826 165 10487 153 11620
371 -0.3552903310618773 1.4266998727115956 23.115938868701534 102 131 108 1.0454223579408379 155 9824 165 10373 153 11618
369 -0.425232370564534 0.34944749859928509 23.201320042146754 213 225 223 0.21387551170731323 155 9804 165 10357 153 11596
368 0.10624988201249727 0.2259377125750138 23.208812010089229 107 141 114 1.4753773747643706 155 9800 165 10468 153 11592
366 -3.9360266336196879 -1.0456552993210821 21.410307100977192 228 237 234 0.312802479211373 155 9768 165 10306 153 11560
365 -3.9360266336196879 -1.0456552993210821 21.410307100977192 228 237 234 0.312802479211373 155 9767 165 10305 153 11559
363 0.25138018035197357 -4.395155711421717 25.393447947229134 209 219 219 1.3924060288010232 155 9695 165 10252 153 11480
362 0.25680436358344616 -4.8012668957800084 25.49124817039311 206 218 214 0.15238763620500137 155 9682 165 10250 153 11470
2580 -5.0639393965826436 -2.8554985260293062 21.112959292325897 132 164 127 0.9606320713319173 155 9717 153 11268
361 0.25220264557872679 -4.9729790840752681 25.49331352037234 134 161 142 0.99303720731102796 155 9678 165 10247 153 11467
360 0.51892165625753839 -5.2587955613185544 25.64475544772684 116 146 138 0.35395032140541444 155 9671 165 9985
359 -6.1907358826045567 -5.2056238117598896 24.286806536834536 125 152 137 1.1266816812858456 155 9667 165 9964 153 11456
358 -0.24915482202130471 -5.7014775704090708 25.810713234619119 189 200 202 0.37240472004726471 155 9665 165 9975 153 11451
357 -1.9859152359281367 -5.8929564172145472 24.165230729245792 140 168 146 0.74436238785569409 155 9659 165 10211 153 11447
356 -2.392761652719515 -6.0784100043938052 24.19503585815507 145 172 157 0.95460870970711242 155 9654 165 9946 153 11445
354 -0.069234007333483269 -6.6400212003921775 26.054247477601216 200 212 208 0.63364888201567959 155 9651 165 9951 153 11443
353 0.0094666077024686979 2.4121173961806366 23.275965808891595 107 137 104 1.0491275635016748 155 9633 165 10499 153 11424
352 -0.42308202263477168 2.0288528746026269 22.934360767369625 215 227 225 0.5336365672745067 155 9627 165 10379 153 11418
351 -0.085504911235775832 1.9743212101178558 23.097827547012418 217 227 226 0.30634130903604961 155 9626 165 10192 153 11417
350 -0.13432193213191912 1.2172826894112865 23.172773754236157 106 140 115 1.109419051788133 155 9617 165 9910 153 11399
349 0.047118809790706234 1.2230596603068529 23.264339775327564 205 221 211 0.46363468849081779 155 9615 165 9911
348 -0.20589677988917954 1.1109429520033054 23.223105758322877 197 212 205 0.14464766693510572 155 9610 165 10180 153 11394
347 -0.20589677988917954 1.1109429520033054 23.223105758322877 197 212 205 0.14464766693510572 155 9609 165 10179 153 11393
346 -0.18598559442539517 0.66050718234483352 23.206695900557566 205 226 211 0.74211935546284158 155 9600 165 10174 153 11383
345 -0.18598559442539517 0.66050718234483352 23.206695900557566 205 226 211 0.74211935546284158 155 9599 165 10173 153 11382
344 -0.39632775540456416 0.22457275918770073 23.182739682914129 112 146 113 0.34949262191454838 155 9591 165 10160 153 11369
343 -2.1414953844312885 -0.10597617694584524 20.114599735921878 230 241 236 0.37617526312653377 155 9589 165 9818 153 11363
342 -1.8302453487858785 -0.12893938536724481 19.999927669846613 174 199 176 0.55311631086441448 155 9588 165 9819 153 11362
341 -3.8922739185811306 -0.91503656066694716 21.407811813741315 141 173 150 0.067801038877382452 155 9564 165 10309
337 -4.3806245998933155 -3.4489502011395214 22.83029028792372 125 156 138 0.44290402084882102 155 9450 165 9998 153 11249
336 -0.8537124898104903 -3.693646788155081 23.734747565026453 192 219 123 0.21940592352494939 155 9446 165 10009 153 11244
335 -1.191781250157637 -3.8148291594847219 23.709223657337745 187 215 115 0.25974318605874769 155 9436 165 10003
334 0.29271168698043404 -4.5725015966081859 25.473290686612316 222 232 233 0.30305294170654079 155 9423 165 10000 153 11216
332 -6.2113532807213501 -4.8194170125298674 24.35780914434784 209 219 221 0.48430970364815479 155 9404 165 9588 153 11205
330 0.4359311909565165 -5.3861848158715526 25.683568465256457 227 234 242 0.29790478264248421 155 9397 165 9614 153 11194
328 -2.4647673064989015 -5.9570497735797785 24.166391906172294 217 229 228 0.7699310788443855 155 9378 165 9948 153 11174
314 -1.8397930418760748 -0.21908187507952262 20.070529698843661 226 237 233 0.27115589724776529 155 9268 165 9333 153 11087
1937 -3.1296266353678375 -0.41104121169820051 20.796281030834788 201 212 205 0.43126310440696269 155 8080 153 9965
165 0.43714791034528766 0.80556316969500708 23.319522741346557 215 231 220 0.29326314070785692 155 7216 165 7872 153 9111
240 0.31991615749031849 0.62422809107722621 23.254645260853341 189 204 197 0.36656488195309483 155 8162 165 8825 153 10032
239 -0.5283861903441428 0.43551333397732228 23.201695597625843 200 215 210 0.37808181268823821 155 8155 165 8796 153 9092
1889 -4.2017301645380476 -1.1795362687169597 21.045350241806442 203 216 188 0.46903664198568729 155 8701 153 9877
780 -3.7737052140950524 -1.417866869899004 21.266155096780356 140 162 147 0.3087519622169137 155 4083 153 5296
2851 -3.4684608155910217 -0.074422341822393545 20.668699099814258 229 238 235 0.069378424291685101 155 9958 153 11750
146 -3.7658388521805293 -1.2760978477083693 21.540789212916312 144 166 156 0.11490658684303239 155 6960 165 8488 153 8889
238 -0.47239942516819361 0.40333263740707204 23.194762014321817 213 228 221 0.47743569937383157 155 8150 165 8791 153 9089
2641 -2.7919830330266553 0.26097370775971784 19.996003826454196 175 201 174 0.55136533960627521 155 9287 153 11379
2758 -2.3321031469118747 0.65197142129334817 19.873048417405883 215 230 204 0.050582357515501962 155 9818 153 11612
53 0.20215750422751091 1.1877918492946542 23.265027015835209 158 184 172 0.4284312162368159 155 4483 165 4618
188 -0.13218437871754196 -6.4329073149876583 26.021789230928238 192 204 204 1.4509157034598321 155 7439 165 6821 153 8059
339 -6.2115242294893056 -2.8736367901829909 23.515066666439296 129 168 115 0.67831156835394701 155 9475 165 10017 153 11274
1962 -2.7949574447456329 0.19377654751432152 20.272819726515902 224 235 229 0.5698412519467797 155 7169 153 10018
159 0.19705505207970808 0.48332425251880329 23.248220018026601 221 237 234 0.20160472506268268 155 7187 165 7834
148 -3.7913355187137663 -1.1268152964072236 21.514892585870534 154 176 164 0.49135099419921779 155 6982 165 7438 153 8921
2853 -3.2624426426884208 0.19772697121925545 20.389700098791465 159 187 165 0.099017202137952592 155 9962 153 11756
2726 -1.58355208754553 -1.4777475263000968 21.242429057272751 160 184 168 1.581870783439443 155 9930 153 11550
2181 -2.4420832509641315 -1.7992906582831438 21.109511339263186 210 222 210 0.46768214369987193 155 9191 153 10515
2749 -1.5814795581897825 0.18818855575965093 20.01595320571673 1 3 0 0.10088541364904907 155 9803 153 11601
25 -0.94322013128575888 -3.4810301928547123 23.812366775633343 210 230 193 0.10876909657656006 155 3538 165 3014
160 0.21327830535351405 0.55549822607646004 23.235287086433416 228 240 238 0.38741289619862318 155 7193 165 8814
2857 -1.8586217972782488 0.5524994638374342 19.804698150815302 1 3 0 0.56655022131309141 155 9973 153 11767
152 -3.8181012203387579 -0.6503377353130293 21.270153238946047 186 201 194 0.60896559043334908 155 7047 165 3740 153 9935
2626 -2.9612660299095364 -0.59278374689213909 20.902536635385154 48 59 54 0.57928333174641999 155 9573 153 11347
56 -1.3285384367951281 1.6023964537111148 22.658586725296324 114 145 127 0.20378353553551026 155 4603 165 2262
21 -1.3354641925399413 -3.7021794034801188 23.733478021256651 221 241 214 0.2796900164425124 155 3477 165 2938 153 4340
2239 -3.3649398907768737 -0.49280129041367371 20.89623901817772 209 222 212 0.11285309450884776 155 8768 153 10616
75 -3.1513240466895964 -3.6562281058529162 22.507511485126294 159 183 163 0.20786252799642982 155 5088 165 2829
2753 -2.2740429720896862 0.39126156724552319 19.855777102945865 232 242 237 0.15643345951775861 155 9809 153 11605
48 -0.58315260462807639 0.46671349414343083 23.212743732486576 122 149 130 0.70660641005254243 155 4383 165 1883
2212 -2.1521053790551945 -1.0203779542220828 21.057210278061813 160 181 174 0.37335203112832172 155 8724 153 10573
183 -0.98492534929831466 2.012737612614087 22.633252139841037 215 227 219 0.49200126813893358 155 7366 165 8918 153 10129
1101 -2.1031463573380846 -1.7548767727859487 21.077912802745104 199 216 201 0.095969651321789556 155 5564 153 7275
190 -2.3845312978428472 -5.5936432747419484 24.182321953433075 188 206 197 0.23957748915003516 155 7472 165 8068 153 8120
2760 -2.4560442302188528 0.75921131860176749 19.979332995311111 1 3 0 0.33124854331254894 155 9821 153 11616
55 -1.4140351494378822 1.5502735583470513 22.581374333559356 121 146 134 0.95404566745460606 155 4595 165 4647 153 7842
312 -5.0346329861285923 -1.5796364087534445 22.526799682115886 191 207 196 0.49846843930247875 155 9202 165 9741 153 10532
2625 -2.1306054592389208 -0.64570521767272127 20.491498901293379 213 225 215 0.25679748868366548 155 9571 153 11346
2634 -2.8602049573610637 -0.25784121178079961 20.439630233057802 160 183 157 0.19315793218911015 155 9583 153 11358
9 -6.3058663757992441 -2.3768995938839432 23.560345983167487 200 221 206 0.20352551759875406 155 2168 165 544 153 1796
1091 -2.7824175427448523 -1.8923655174729952 21.108813375271943 148 164 153 0.087929368429513682 155 5529 153 7232
2633 -3.6102371167102909 -0.24758530752759703 20.872287379238102 223 233 225 0.19212828403132012 155 9582 153 11357
1540 -1.2788927292836167 -1.3807230789732268 20.573395478716719 178 205 172 0.63580234774267563 155 6943 153 8865
2622 -2.1406066806871284 -0.92997022838714127 20.950349388616488 92 128 92 0.29949864492704936 155 9561 153 11338
187 -2.5016713989542776 -6.0601804617449515 24.174172159114654 218 231 224 0.16705257871959878 155 7438 165 8043 153 9327
2757 -3.0454014286666395 0.68318137439826609 20.219071878454209 3 2 1 0.22623100257640988 155 9817 153 11610
17 -3.8049111405060421 -3.7917269810138783 22.495045461177199 173 197 176 0.42462779026903752 155 3410 165 2782
1126 -4.1045223053592288 -1.3309128066841773 21.12465349822013 204 224 187 0.52451944169165976 155 6946 153 7371
2235 -1.2456693071485245 -0.58388169144325452 20.409798923725518 201 221 184 0.063722773842410319 155 8761 153 10611
71 0.37092732756831337 -4.5856801394185469 25.471386746287418 150 173 163 0.32044448385333241 155 4983 165 5252 153 4056
179 0.0090578294316717902 1.989267369317292 23.142890263513365 154 169 164 0.55774238813725552 155 7355 165 8922 153 9230
2748 -1.8138168912793147 0.098027287875075073 20.143542708901656 184 208 183 0.80486795104509912 155 9799 153 11595
178 -1.1863108275353251 1.7954320289892609 22.57142064092481 115 142 125 0.87507519924489896 155 7342 165 7974 153 7885
180 -1.0535750537537523 1.9291810399137821 22.589797778431876 117 141 127 0.69074354533583759 155 7356 165 8909 153 9233
338 -1.1711008329560981 -3.2533439594682858 23.916763981471121 217 230 213 0.18538133311451888 155 9462 165 10023 153 11259
2624 -2.6939900272871933 -0.66784148265817722 21.018137739783846 111 141 113 0.37946648819080364 155 9569 153 11345
2759 -2.8187155593351849 0.71788759859358986 20.118868329958683 1 3 0 0.13369774358664258 155 9819 153 11613
189 -1.1328418269364058 -6.2213704823735325 25.999991264686244 194 206 206 0.49982007817387503 155 7453 165 8080 153 9335
2629 -1.3045176100436384 -0.47082864049485978 20.279895566818137 199 221 175 0.30474048623349337 155 9577 153 11350
2628 -2.39872454672477 -0.47101644348491356 20.63825054687382 122 151 121 0.14497387917768167 155 9576 153 11349
58 -2.4635829512506926 -6.0263007507260369 24.189139948110277 167 186 180 0.70954905993512196 155 4789 165 4901
182 -1.0901403351939645 1.9600513336392777 22.563976022299439 213 227 220 0.48495077412402648 155 7362 165 7983 153 9238
2752 -2.7114386025964849 0.34349953459850091 20.058323593026568 231 240 235 0.14154274330478944 155 9807 153 11604
47 0.17501292012877723 0.41114058064133097 23.25363726972245 182 205 191 0.36359005978131637 155 4374 165 6414 153 5639
2617 -2.008929004306939 -1.1833612004704559 21.12318783032541 135 165 139 0.26436648440568922 155 9550 153 11331
324 -0.52924939102771607 -6.5911045085485025 26.153813213571517 131 155 154 0.48680672315462425 155 9369 165 9954 153 11168
2880 -2.4299000608131425 -2.1368587881327135 20.954286134189914 192 211 168 1.6776853406847456 155 10027 153 11811
175 -1.2233366870253295 1.6359948127588766 22.680486217857656 75 95 93 0.82519638837390996 155 7323 165 7960 153 10102
2742 -3.9429834243139874 -0.41952305920100097 20.813404550743584 155 180 166 0.14056982940922008 155 9788 153 11579
172 0.36101377231562642 1.5501872274417468 23.41258384116647 15 26 20 0.33490846300601351 155 7297 165 8898 153 9177
2847 -1.7581181098606085 -0.39162566205295191 20.291899256316764 229 240 236 0.029807426479329151 155 9952 153 11743
142 -2.3032816618115621 -1.8894790797514671 20.779584754860622 134 158 138 0.063446779625090113 155 6837 165 8388
2632 -1.4053050288526594 -0.28935344432376459 20.185755894897216 199 221 174 1.0668263085792877 155 9790 153 11356
237 -0.28655321153021784 0.20143367476622634 23.197338699017326 215 230 223 0.21220236213820107 155 8138 165 8778 153 10000
235 -1.7718171935872082 -0.21214565154296849 20.049616279737396 163 187 161 0.17102771578075865 155 8108 165 8625
234 -2.7984917051691509 -0.33589657657818334 20.652239596978053 157 180 164 0.98349816229003151 155 8090 165 7567 153 10633
233 -3.670213935219889 -0.71728077350099451 21.328778944337174 193 204 200 0.68399236070710889 155 8042 165 5890 153 9927
232 1.0467141827030173 -1.1097004106292687 23.227222571251644 198 208 174 0.56228104501005549 155 8003 165 8622
230 1.0661608857957996 -1.2807756204550689 23.082749771633388 199 214 174 1.2103131681234953 155 7981 165 7549 153 9850
229 -5.1006023673502137 -1.3763531022936215 22.466154641163698 147 172 143 0.12495498610261799 155 7963 165 8485
228 -4.9896965499926598 -1.6522571434848137 22.543481207345135 224 234 232 0.30852339751914049 155 7932 165 9211 153 9813
226 -2.2223611575195927 -1.8356365618917596 20.833096556157599 157 179 167 0.67138245560004206 155 7900 165 9174 153 9770
225 1.0754769254990797 -2.6715110241820192 23.909652202095909 210 219 199 1.61043890745756 155 7795 165 8430 153 7012
224 -4.7848948372559539 -2.6620198230513243 22.777689673509716 149 169 157 0.11882223475302534 155 7786 165 8317 153 9669
1847 -2.7450917422149272 -1.7806459786431306 21.102888662865318 170 187 171 0.01224906453699235 155 7911 153 9785
223 2.1875381020517848 -3.0336867141839021 25.075314294031443 158 178 148 0.15424738623287904 155 7758 165 9201
221 -1.5756276611192568 -3.3941938383410788 23.857411606771716 133 164 118 0.6588942293980552 155 7723 165 8299 153 8457
1844 -2.5782344604881833 -1.8275889886965537 20.932957151605699 201 215 202 0.081769048423623092 155 7902 153 9779
219 -1.1880625644434368 -3.6215560919712182 23.770903919906548 228 241 226 1.6815707154438098 155 7693 165 8267
2640 -3.0801270918445587 0.24117894717881935 20.184852958385161 164 189 167 1.4642446568736929 155 9286 153 11377
1558 -1.5847619303325859 -1.1125259158338423 20.925796633389634 213 226 217 0.013936743040145604 155 6986 153 8924
760 -2.6209975294081724 -1.8457334892457942 20.955107455646647 164 181 171 0.30741433447985023 155 3968 153 5149
1869 -1.8228220004489626 -1.4643954233072349 21.033664328505957 201 215 208 0.14109720681094612 155 8678 153 9836
246 -0.91917569232686114 1.3198586551009373 22.871624150262452 188 204 196 0.42758294091894911 155 8215 165 8858 153 10077
218 -1.4793486385869012 -3.6558345801950285 23.736775480015186 226 240 227 0.94165558439482844 155 7688 165 9104
1841 -2.2174022487282978 -1.8407963546262229 20.949840531182662 151 175 161 0.22362681248208602 155 7901 153 9771
2639 -1.5917897403942187 0.17848375155011709 19.973879460468904 1 3 0 0.071331856507995978 155 9594 153 11375
326 -2.2711153066352092 -6.1055915094301669 24.202643717287888 206 222 221 0.76096109341091644 155 9371 165 9945 153 11171
759 -3.1305171373480167 -1.8527271297026722 21.235933693329624 153 179 149 1.2682516200345204 155 3972 153 5148
1868 -1.8228220004489626 -1.4643954233072349 21.033664328505957 201 215 208 0.14109720681094612 155 8677 153 9835
245 0.11924126171473708 1.2071148747168872 23.250265687093158 194 212 204 0.13334136453934753 155 8206 165 7923
54 -1.0284321554116798 1.4126916674674279 22.783794995546188 199 215 206 0.29155463075010557 155 4554 165 6595
2272 -2.3276646335605427 0.46603311883490744 19.769366913403989 222 238 226 0.82516789851829464 155 8845 153 10694
2813 -2.5979550802106259 -2.2165085651600469 21.405585186869008 28 23 12 1.3754494620289013 155 9730 153 11705
108 -0.52970828421232619 2.5843076340666866 23.171399967055802 156 169 159 0.52818058949669544 155 6167 165 8932 153 7963
216 -3.2163260309913495 -3.5483552854379878 22.610659900688496 117 142 123 0.17153507064968979 155 7680 165 8228 153 9557
214 -0.91566511721403021 -3.7308934812254426 23.733873518985376 201 226 144 0.52847987934090113 155 7673 165 9098 153 9541
212 -1.2843036370562877 -3.8136855654786093 23.689188738005601 225 241 215 0.64662149877384134 155 7667 165 8249 153 9525
211 -3.7846314959885601 -3.7045856247423918 22.552778846536061 216 228 224 0.11165730882212051 155 7663 165 8190 153 9529
210 -3.6893989188206398 -3.7464605172712875 22.482709144159696 219 230 226 0.48578119962893379 155 7657 165 8184 153 9519
750 -2.8604420266626764 -1.9330251089507793 21.286580684443035 177 190 182 0.022829130354187873 155 3947 153 5107
207 -6.0449593064153104 -4.1702181064623121 24.409333759004653 218 228 229 0.53824667764993395 155 7632 165 6977
44 0.049134580652606612 0.30991398556146177 23.226752649761846 154 174 166 0.45355285405904305 155 4360 165 6385 153 7626
2262 -2.416134090116989 0.30832964104699351 20.012770871115404 227 238 232 0.16115868336856021 155 8830 153 10676
98 -1.2335356362640941 1.3373314860006409 22.708322039079757 130 151 146 0.48237146254778313 155 6016 165 6563 153 7793
206 -6.2383863941511803 -4.2337945605549754 24.379638688759485 204 219 212 0.31196977155173311 155 7626 165 6965 153 8323
43 0.049134580652606612 0.30991398556146177 23.226752649761846 154 174 166 0.45355285405904305 155 4359 165 6384 153 7625
2261 -2.4805185123582199 0.30970214068552265 20.019515992941887 183 200 192 0.16698136843125155 155 8829 153 10675
97 -1.210045984622057 1.3099837335900495 22.712048468380395 217 229 223 0.44081115180262875 155 6010 165 6560 153 7787
205 0.25837100080133169 -4.4920370150336009 25.469348893710677 169 185 184 0.58241270233898612 155 7612 165 7063 153 8302
196 -6.3622948110649018 -5.2382592904685596 24.333293224895868 141 164 146 0.79306561176563273 155 7510 165 8089
2901 -1.5572345218957864 -0.49469969906990202 20.916262026711845 164 188 161 0.1629578329506215 155 10055 153 11835
1885 -2.9272223875553971 -1.1938838823533793 21.108590741386742 199 216 199 0.73533869975192689 155 7995 153 9872
331 -5.9054315515927041 -4.9086412398452595 24.450650723077565 117 140 130 0.47678319867469926 155 9402 165 9974 153 11203
1836 -2.686964830885719 -1.9288562572550525 20.852052272939659 122 145 124 0.018680589215894088 155 8622 153 9760
185 -0.92232160010777775 2.3251793903471203 22.713647051230701 104 128 114 0.42326413651993428 155 7382 165 9509 153 9257
1895 -2.0008571818749163 -1.0775771851255793 21.0886068380753 192 211 191 0.26862244717749045 155 8007 153 9886
2490 -3.3751478280605016 0.10869431358341956 20.512363596296819 221 231 223 0.068498749377474882 155 9280 153 11107
272 -4.9124104759663441 -2.5683166142648921 22.648134625202371 210 222 218 0.18828095966242708 155 8558 165 9138 153 10423
1899 -1.5869222057791568 -1.0235245710243221 20.886872133232146 220 233 224 0.53959126578444816 155 8016 153 9895
222 -4.8411760727325248 -2.9705874377788932 22.703504571804341 115 143 121 0.38062900613095946 155 7746 165 9112 153 9624
2440 -1.3796600376769426 -1.4108847812497791 20.958952785558655 189 213 194 0.10469202090190299 155 9207 153 11025
276 -2.8720901361632136 0.21097283322059079 20.259690911455465 221 233 221 0.28536552254246578 155 8820 165 7657 153 10663
1902 -1.8073415678667484 -0.97187064658264055 20.734087871545452 175 193 178 0.86938349276010429 155 8019 153 9902
1908 -3.182276484823213 -0.86556069477641717 21.109701981397098 125 155 131 0.36924245454766658 155 8026 153 9913
2503 -2.2392832655067254 0.71814788733021051 19.908201725227251 5 6 1 0.021123737665009745 155 9308 153 11127
285 -1.4197220438093461 1.5083207111536738 22.6016542375665 224 235 229 0.71807078816548453 155 8885 165 9482 153 10717
1910 -3.2797046398174925 -0.84796330502339257 21.122165557324283 122 150 135 1.3867005365812686 155 8738 153 9917
287 0.34867055356096366 1.6107295987623289 23.382591401096885 190 201 197 0.57430771945795989 155 8890 165 9499 153 10719
1911 -1.1557443343096259 -0.8407698230112457 20.502703295210903 192 211 166 0.1336315433750947 155 8034 153 9918
288 -0.29939487017805438 1.6680955188980773 23.092043256641833 191 208 201 0.088845611607927422 155 8896 165 8901
133 -1.6155236777067825 -3.4687242820448492 23.849490211507351 214 229 208 0.21231827010668305 155 6550 165 5333 153 6785
1914 -1.5269697927167121 -0.79140199759167773 20.589816701894794 223 235 226 0.027198448458230721 155 8036 153 9925
291 -0.43766041128861194 2.4307712584382277 23.032649019025328 90 108 94 1.0644331401015401 155 8929 165 9934 153 10757
1922 -3.1366291660722534 -0.62391354216786932 20.834675576106392 146 169 159 0.0338173678387668 155 7054 153 9945
299 -1.1356955111425868 -6.2961786992736757 25.99516044269339 190 205 200 0.62242021012600568 155 8969 165 9556
2176 -2.417955698175569 -1.8590457204189315 20.845381768141028 139 163 139 0.085542861243007473 155 8637 153 10504
12 -2.3701945504365725 -5.6834672219905569 24.206204245539134 194 213 204 0.12660926206251275 155 3144 165 2543 153 3739
1923 -2.081709865258341 -0.55606464793522137 20.462336831888617 195 208 198 0.10618091513194514 155 8061 153 9946
300 -1.202817612569421 -6.1990544566585299 25.936475124878761 98 119 114 1.5766348806250399 155 8973 165 9559 153 10189
1920 -1.6210390050938808 -0.65776535895259114 20.470976723976865 222 237 229 0.13178071230017643 155 8052 153 9938
297 -2.5842440332540018 -6.0261657802015991 24.185074465053987 153 176 159 0.19279892619377079 155 8965 165 9531 153 10793
2177 -2.417955698175569 -1.8590457204189315 20.845381768141028 139 163 139 0.085542861243007473 155 8638 153 10505
145 -3.8086904346760311 -1.2769937006542358 21.525477821362639 185 205 196 0.31855178499720405 155 6958 165 5739
2850 -2.5076820514981075 -0.13903008271600703 20.403444027382086 158 182 170 0.25951139863923434 155 9956 153 11749
2178 -2.1528640244215733 -1.8467289463072754 20.87229029197681 223 235 226 0.089311142705420635 155 8640 153 10507
1925 -1.658843941938452 -0.55937984861299772 20.373161481699686 212 231 212 0.076396885447592766 155 8063 153 9948
302 -2.3908639932909233 -5.8026243362566605 24.198733403592509 215 227 227 1.1369042896534765 155 8979 165 9540 153 10799
147 -3.9282358183441546 -1.1268914945572592 21.42665629982783 155 179 163 0.68038630616332207 155 6980 165 7433
150 -4.014559910693662 -1.0610145644966362 21.398418292981024 153 177 159 0.54660047127683098 155 6989 165 7443 153 8934
2855 -1.8685941691879924 0.38712402324366602 19.92619413713993 205 225 190 0.057091771647591653 155 9969 153 11761
1821 -1.9381076234148729 -2.1813143914792383 20.810080777041573 210 219 179 0.87840548732394375 155 7843 153 9725
198 -6.0803889620602058 -4.9816132219298623 24.34893661941139 144 164 162 0.35591746107139138 155 7535 165 8118 153 9411
2903 -2.632919502709743 -0.31234280135930115 20.391674870168433 137 164 145 0.32861794420625712 155 10061 153 11839
161 0.24493854381684996 0.6150112619219863 23.244516269058405 179 199 188 0.47355053474627079 155 7198 165 8824
2169 -2.3645543049956723 -1.9040459356002819 20.778557154962272 218 231 221 0.031852117364380386 155 8627 153 10496
5 0.25642636628309845 1.9764422920874838 23.306721398116128 162 177 168 0.074377129676978515 155 1342 165 2389
2193 -2.2995287094423564 -1.4484661622425883 20.992638918042235 133 161 139 0.36856546361717502 155 7955 153 10539
137 -4.6891035730047967 -3.1143910989340355 22.831065233474462 202 217 202 0.50301601049617195 155 6595 165 7088 153 8514
2842 -1.5977629149570145 -0.76372848925984238 20.411194252004048 223 234 226 0.19801617416518447 155 9948 153 11737
2202 -1.3969409744459471 -1.1469910853294536 20.97302560216642 141 171 143 0.083773871530189004 155 8706 153 10560
1945 -1.7447202046349835 -0.26454314882436331 20.219953892308702 224 235 227 0.25322468861886094 155 8102 153 9986
322 -0.16159737658269649 -6.7410010161820866 26.079537461408172 115 141 128 1.3528381496383166 155 9365 165 9950
1561 -1.572605452703969 -1.0719064053855634 20.988515728830219 149 167 154 0.68822315286139379 155 5683 153 8930
1818 -2.8357700013204781 -2.2144852213629553 21.06415408329002 140 167 118 0.26602380392925884 155 7837 153 9717
195 -5.1755374912148575 -5.304497571877647 24.160141172704865 213 223 222 0.4161116289945454 155 7501 165 6843 153 9378
1924 -1.658843941938452 -0.55937984861299772 20.373161481699686 212 231 212 0.076396885447592766 155 8062 153 9947
301 -2.4779868759463244 -5.8427714392004075 24.166979244932499 145 173 151 0.28269362183726288 155 8975 165 9539 153 10798
1948 -3.8231097963279028 -0.19944276794564447 20.858180997195642 224 235 229 0.11874154587500063 155 8104 153 9992
325 -0.089779403933732516 -6.4851913766662177 26.017160442175225 194 205 206 0.3745239066538717 155 9370 165 8976 153 10789
149 -3.8343411341522962 -1.1174678577902768 21.494341286415075 218 235 224 0.39562875390593616 155 6984 165 7437 153 8923
2854 -1.9419947642685331 0.20491367558752432 19.991117333084333 188 212 190 0.17865426715348454 155 9965 153 11758
308 -1.4062981894723836 -3.6448783614332783 23.737126307920413 128 166 111 0.1252311200973438 155 9084 165 9653
51 0.36338624935678659 0.71895883970136421 23.299706650557543 222 233 229 0.15209697896922544 155 4411 165 4522 153 5693
2756 -3.1274914768824562 0.56129935526803199 20.159299480851978 192 212 176 0.20910792667905453 155 9813 153 11608
2172 -3.0148251734267171 -1.8977914206161028 21.457281019090932 223 233 225 0.20682780591894059 155 8632 153 10499
8 -6.230324442899656 -2.5770000615148581 23.577571571902705 188 204 193 0.22356635217962348 155 2123 165 489 153 1656
1939 -3.4109766651794993 -0.39088895508889415 20.815482347875921 219 231 227 0.2459747438994957 155 8084 153 9969
316 -2.1977441986650899 0.47014066699227242 19.866553991339963 203 219 206 0.36111139368878137 155 9298 165 9388 153 10695
262 -6.1785093840796135 -4.17898603894883 24.383325270646033 88 118 94 0.26682783748256633 155 8444 165 8185
2480 -1.8601455265568274 -0.30308509632274439 20.128550452113583 183 203 191 0.71883165181540654 155 8785 153 11084
140 -1.591420574136744 -2.5274136306551833 22.355049357784694 149 180 104 0.17921417098673154 155 6712 165 7215
1966 -2.3508567899688151 0.3735656618337414 19.918069505034701 220 233 224 0.47499558021709898 155 8160 153 10037
2246 -3.366654757171772 -0.32294066243646569 20.803448088063934 192 205 196 0.30724334267663073 155 8782 153 10632
1137 -1.6458438351975904 -1.1148838570894422 21.059297720715001 187 198 192 0.71021586594338126 155 6985 153 7415
28 -1.5526528624755918 -3.3668673404882861 23.868930317968818 215 232 220 0.35683754660767425 155 3578 165 430 153 4507
2733 -1.1637082848893603 -0.94184550845361048 20.416437528649777 202 223 193 0.83533539576570615 155 9562 153 11565
1917 -2.8531411615442406 -0.70298664158194701 20.880583905057346 103 136 111 1.4229850292119204 155 8045 153 9930
294 -0.40141491793577472 -6.6540692149112157 26.18328160955593 212 222 224 0.33837147837156722 155 8959 165 9542 153 10787
139 -4.8450615685097311 -2.8083695326365445 22.724820227726237 216 229 221 0.17449187029346483 155 6665 165 7131 153 6963
1892 -3.8698796723274702 -1.1280727697276594 21.172896350597728 158 181 168 0.060423388455089752 155 7999 153 9880
1951 -3.4679332964459921 0.022497919456745657 20.577520935487016 227 237 228 0.23021685962979091 155 8131 153 10001
2751 -2.7114386025964849 0.34349953459850091 20.058323593026568 231 240 235 0.14154274330478944 155 9806 153 11603
217 -1.4793486385869012 -3.6558345801950285 23.736775480015186 226 240 227 0.94165558439482844 155 7687 165 9103
1840 -2.6624017080127262 -1.8691752470975973 21.01013947607747 187 203 193 0.25965974503883421 155 7895 153 9769
2016 -3.3867538902587366 -5.69842937379281 19.533627980513611 54 45 50 0.16910425731200124 155 7427 153 10162
2905 -2.449431755523392 0.20560938719188804 20.019976585388282 233 242 241 0.64099495648879401 155 10067 153 11843
200 0.2913524504540364 -5.0578435743431474 25.451008326791435 218 229 230 0.3768168120540179 155 7547 165 8178
2615 -1.238441724682029 -1.2176356999764613 21.114630583334588 146 177 143 0.62059123896483737 155 9547 153 11327
193 -5.0819908910164351 -5.3414358051665909 24.143572443914334 214 226 223 0.10076672982591955 155 7496 165 8073 153 9377
1941 -2.3280272526939556 -0.36176768371052809 20.538655316313552 161 185 169 0.2373747748935649 155 8088 153 9973
318 -2.7126059569934498 0.66770327160929166 20.052703855805724 205 221 185 0.39846783780137346 155 9304 165 9405 153 11125
2198 -1.9171039114244353 -1.3428813561783346 21.185825221002052 196 211 204 0.44367136539427132 155 8693 153 10547
34 -3.1155500587358449 -1.6663923655424129 21.615131778111834 175 193 180 1.0391048201747122 155 4023 165 703
166 0.2928755292994944 1.1768056458723799 23.278527469853657 167 186 175 0.37134951385384785 155 7245 165 7920 153 9136
163 0.47485290078097259 0.7070898701783862 23.319083950506673 206 222 212 0.17239798454643707 155 7207 165 7859 153 7679
156 0.090966249740024721 0.29997685814321906 23.225521049075915 113 142 121 0.088447886731155043 155 7167 165 8788 153 10007
1955 -3.4349203175318319 0.057231840706505714 20.467880346269848 164 181 167 0.040363841365541456 155 7151 153 10005
50 0.39919281252999245 0.70850796784673442 23.293182230901305 167 182 177 0.40497574297752265 155 4408 165 4518 153 5690
154 -1.8933830752018199 -0.082521531175074145 20.009235799837121 220 234 224 0.68449288318455181 155 7133 165 6059 153 9069
1953 -3.5144466763529505 0.047623577416370154 20.489722812647813 160 182 169 0.7155118326382115 155 8134 153 10003
2188 -2.7243543057553521 -1.6076192749935752 21.225307383802043 125 153 123 0.073498981091092208 155 8668 153 10529
130 -3.1946027983654033 -3.4956115947845121 22.668361871309354 126 147 135 0.32937813397956922 155 6525 165 7038 153 8424
1929 -3.9676436931367522 -0.52554617943915372 20.888075215618176 217 233 227 0.79504357378318713 155 8065 153 9953
306 -6.4845193535918408 -5.205462801955143 24.320784406651772 208 220 212 0.76155857473903754 155 9012 165 8993 153 11193
2186 -3.1443548415146676 -1.6953159980040753 21.296915430645491 157 183 154 0.078407332286776127 155 8655 153 10522
151 -4.0196535159628644 -1.0150948499354582 21.373152130163444 216 232 223 0.32903325733400585 155 6995 165 7448 153 8940
1950 -3.5127652279835133 -0.015044874337192716 20.573140625673108 176 194 181 0.12675731419472136 155 8128 153 9998
327 -2.1521310903253661 -6.0477265721675115 24.215748602443686 143 169 156 1.0819526666517969 155 9375 165 9532 153 10794
1884 -1.5643962660702384 -1.1942583032901908 21.046118422611041 225 237 227 0.23541267147443984 155 7994 153 9871
261 0.049662761361152746 -4.7021286614503905 25.51239092628704 202 214 212 0.41014749194521261 155 8423 165 9076 153 10275
144 -3.5363533061738215 -1.4843666924967267 21.688846793179419 220 235 228 0.33727428501290263 155 6930 165 7385 153 8849
1943 -1.7837292128882005 -0.26862375834998847 20.499464334671902 183 199 189 0.88342570853197655 155 8099 153 9983
320 -0.096615905330106042 1.7495169541069819 23.147252867260693 108 139 122 1.1777057953956709 155 9322 165 10188 153 11410
266 -1.1368434395109697 -3.5897622067961037 23.774507863595453 173 203 136 0.63442936849695519 155 8479 165 9110 153 10349
2484 -3.5202667616546184 -0.088647749420058264 20.667529866296913 227 236 233 0.057305941842473729 155 9272 153 11096
2746 -2.2254832128996016 -0.031135327330330562 20.084025734224042 172 193 178 0.073966287689695459 155 9797 153 11588
42 -0.24027713434319545 0.27114772398063608 23.204344151053895 169 186 180 0.56845772393006844 155 4349 165 4322 153 2779
2747 -1.4679013336992619 -0.0039478071286257778 20.112098739968982 0 2 0 0.29309525624652732 155 9798 153 11591
7 -1.5936532862747566 -3.31867660709637 23.900800734705953 178 195 179 0.5444768020077061 155 1958 165 440 153 1181
2225 -3.2152198457009185 -0.75895194164384594 20.940582129939067 120 151 117 1.3058575524368214 155 8039 153 10598
1968 -3.5180101795675864 0.47634945825705222 20.400200237272045 171 195 142 0.18987555303021586 155 8165 153 10044
169 -1.2709894491094167 1.4367860002517499 22.684729124404083 132 153 148 0.37449547719308768 155 7285 165 7921 153 9173
177 -0.28394002407648411 1.7294400666340715 23.072382763088047 116 146 133 0.77279754486445318 155 7329 165 8904 153 9205
46 0.17501292012877723 0.41114058064133097 23.25363726972245 182 205 191 0.36359005978131637 155 4373 165 6413 153 5638
2264 -2.3421200296949714 0.30115946754447176 19.906398654454875 183 203 193 0.070908817362531351 155 8832 153 10678
100 -1.4601403160275628 1.5054659401598336 22.590787100813952 123 153 128 0.09524798672356255 155 6054 165 4631 153 3247
2642 -3.2896076465413713 0.60182704992714653 20.205024318863039 3 3 2 0.34113874256119825 155 9605 153 11387
329 -0.66793207505120378 -5.9046473727316222 26.021827702366302 195 206 208 2.9826159136364661 155 9385 165 9971
1952 -3.638842441008173 0.041155282672089476 20.546518187900855 217 231 218 0.084566210026331259 155 8133 153 10002
2899 -2.5323982020882965 -0.55054242516245 20.854136961518012 197 209 196 0.025465830532649433 155 10053 153 11833
194 -5.3439086520810513 -5.3198786775090374 24.189645077074044 215 225 226 0.11387668773352344 155 7500 165 6841
19 -1.3075974970752196 -3.7136420917585293 23.722103888769357 171 192 164 0.86624421607497837 155 3472 165 5277
2237 -2.8730311401087172 -0.54942983570791959 20.870799006248046 146 168 155 0.13767029182297419 155 8762 153 10613
73 -3.3765968394979478 -3.6877321520293682 22.49090220316813 111 131 119 0.15042931394054726 155 5081 165 5168
181 -1.0901403351939645 1.9600513336392777 22.563976022299439 213 227 220 0.48495077412402648 155 7361 165 7982 153 9237
49 0.39919281252999245 0.70850796784673442 23.293182230901305 167 182 177 0.40497574297752265 155 4407 165 4517 153 5689
2754 -3.3639465136559141 0.50464977888914087 20.291037960742475 196 217 179 0.032348918825685108 155 9811 153 11606
2843 -2.4244567390188569 -0.70097192384367879 20.816866629374761 102 135 106 1.5524877841524412 155 9950 153 11738
138 -6.1199960179630155 -3.1612114484315006 23.540078807145743 132 168 117 0.97021001309462307 155 6597 165 5296 153 4590
186 -0.43922032981490988 -6.5582410312096728 26.182682157945909 201 214 215 0.91221177327564129 155 7432 165 8058 153 9319
128 -1.1440032767838124 -3.7864179750635878 23.701021667737745 197 219 149 0.62558318828166837 155 6493 165 5268 153 6698
1928 -3.9676436931367522 -0.52554617943915372 20.888075215618176 217 233 227 0.79504357378318713 155 8064 153 9952
305 -5.4910793906688733 -5.2608645483588283 24.237343475864236 220 230 232 0.25272267646931096 155 9006 165 9565 153 10829
129 -3.8269372892085056 -3.6024791589620118 22.619525769381209 210 222 213 0.47982482128998488 155 6504 165 5202 153 6728
131 -4.2971448235516663 -3.4893055376553597 22.841329141498651 222 235 228 0.34507382292501854 155 6526 165 7032 153 8428
134 -1.6155236777067825 -3.4687242820448492 23.849490211507351 214 229 208 0.21231827010668305 155 6551 165 5334 153 6786
135 -1.6641121381453152 -3.3003368493900056 23.923132493829062 223 237 221 0.26837309458127839 155 6582 165 5384 153 6851
1940 -3.8548901914755609 -0.359820508548713 20.914133407965792 218 231 221 1.1253661442552338 155 8780 153 9972
317 0.1082489321720352 0.88742048351760316 23.219430740219572 113 144 127 0.63865055861143849 155 9301 165 9900 153 10697
141 -6.1889525734447473 -2.4512089353369682 23.551562435932308 188 201 194 0.18087632961988587 155 6738 165 7209 153 8647
2199 -1.9171039114244353 -1.3428813561783346 21.185825221002052 196 211 204 0.44367136539427132 155 8694 153 10548
143 -4.9948004238422055 -1.8514401173500155 22.570186120831028 214 227 219 0.27471325828768417 155 6859 165 8412 153 8777
153 -3.2347240142585543 -0.51118149888803954 21.086864843429655 137 163 149 0.42810226924035116 155 7067 165 3796 153 9017
155 -0.34096494100019209 0.1958699429788667 23.202597446395622 122 156 123 0.16091707417716827 155 7155 165 7783 153 9072
1956 -3.4349203175318319 0.057231840706505714 20.467880346269848 164 181 167 0.040363841365541456 155 7152 153 10006
333 -6.2895749644360261 -4.6866049654197699 24.349027327707482 220 230 231 0.13731737701014068 155 9412 165 9604 153 10854
279 0.35832794439249155 0.57350691606656379 23.29131694623824 216 231 228 0.21287524541620662 155 8838 165 9451 153 10672
2497 -3.6159544882765795 0.41860678610231133 20.366349722783703 194 210 171 0.021250903568900237 155 9294 153 11118
157 -0.50847935344885886 0.36420820941939591 23.207219457102745 138 162 150 0.44074100691402762 155 7170 165 6382 153 9086
158 0.19705505207970808 0.48332425251880329 23.248220018026601 221 237 234 0.20160472506268268 155 7186 165 7833
1963 -2.0103597602428809 0.25253315340065446 19.876571525872514 221 237 224 0.22480171877947458 155 7179 153 10027
164 0.45229908917446388 0.7504346479953552 23.298731358656266 130 157 142 0.67459016062146471 155 7214 165 8832 153 10042
191 0.37153915811444266 -5.642040211671052 25.623128980174922 152 172 171 0.30840341277338273 155 7493 165 8133 153 9370
192 -5.1357064740863709 -5.3362120676715135 24.156079602776337 100 127 118 0.73317972257488895 155 7495 165 6836 153 8146
197 -6.3953816407833886 -5.0303629235542786 24.341932310992412 205 216 215 0.4963196376354555 155 7528 165 8112 153 9405
2902 -3.0482441127913291 -0.32067337956585984 20.73190470015556 216 229 220 0.19949199594892233 155 10060 153 11837
1874 -1.6212202713644339 -1.3754776907995094 20.995791584929123 223 239 228 0.09541801710259773 155 7962 153 9845
251 -1.1081394027141236 1.6937648542667521 22.663349049086253 177 190 181 0.50287763250223183 155 8263 165 8888 153 10113
1875 -4.0632623260163907 -1.3786495329814821 21.089836074481511 211 222 197 0.0019433138664219948 155 7960 153 9846
252 -1.1396264128146951 1.7979301097705254 22.578370795511191 228 238 232 0.99685362364438979 155 8272 165 9493 153 10119
199 -6.2624591314893197 -4.8898281749033314 24.331444663021149 121 141 139 0.89676890235083651 155 7544 165 8121 153 10253
2904 -3.6600742550339649 -0.10572558442062736 20.720919540773473 150 177 158 0.10237669343078197 155 10062 153 11840
201 0.33899153344523975 -4.7296275723619372 25.478826542659839 200 213 204 0.040327284106814007 155 7572 165 7026
2906 -2.449431755523392 0.20560938719188804 20.019976585388282 233 242 241 0.64099495648879401 155 10068 153 11844
202 0.11647165079983723 -4.7198907667394634 25.511487179382275 115 143 133 0.602824860236853 155 7575 165 8224 153 9446
2907 -2.532066961109098 0.39735897913761564 19.990366425372898 176 201 180 0.48700927863702831 155 10071 153 11848
1879 -1.5673438656989984 -1.2921196142514908 21.002683962111888 225 241 230 0.10694435374770538 155 7972 153 9860
256 -6.4531781964820505 -5.1001581360208785 24.317654254703466 142 165 153 1.2309621819343723 155 8385 165 8105 153 10242
41 -0.24027713434319545 0.27114772398063608 23.204344151053895 169 186 180 0.56845772393006844 155 4348 165 4321 153 2778
2259 -2.9933976489657614 0.25851306748185982 20.225583767448438 224 235 230 0.16252654130060973 155 8822 153 10669
95 0.46533749976616551 1.2252619938506617 23.404096305610405 188 206 197 0.39285900600842161 155 5980 165 7937 153 7751
203 0.14100522976607874 -4.6376511215461562 25.508404865818584 191 207 204 1.75426543766159 155 7585 165 7036 153 9454
204 0.047225426047755238 -4.6207245254700862 25.512176903499515 95 125 113 0.71288349478680424 155 7588 165 8236 153 9456
1535 -2.3506316338762674 -1.4462412360754677 21.080636435557349 152 177 158 0.074259394186934835 155 5627 153 8855
2644 -2.8168859528826364 0.70972576534418608 20.113659784517399 2 4 1 0.019923650517730065 155 9607 153 11391
1562 -1.572605452703969 -1.0719064053855634 20.988515728830219 149 167 154 0.68822315286139379 155 5684 153 8931
13 -1.9032875974422105 -5.4611710694868529 24.160168984523796 186 209 193 0.42519882197821313 155 3161 165 71
2231 -1.6784330497608528 -0.64239982931296491 20.528172660366213 170 189 170 0.074022673629701191 155 8755 153 10606
67 -6.2583518497761723 -5.0353931079006129 24.344184881416044 206 219 212 0.21386833864471094 155 4886 165 5025
184 -0.99615698130191821 2.1541611113507577 22.631708315210219 130 156 131 0.61413442222961512 155 7374 165 7996 153 7934
2829 -2.2160945261098388 -1.2931603435318002 21.305939209706995 130 160 142 0.58295259280041944 155 10037 153 11724
124 -1.867726626164169 -4.4742694334509752 22.818769965590057 215 107 120 0.84684871649275417 155 6381 165 6911 153 6499
2623 -2.0334051250052294 -0.91651634287104533 21.051365454466165 201 216 203 0.47034070921030929 155 9565 153 11339
2618 -1.5243982163781511 -1.1297148923771596 21.07441656743212 135 162 132 0.15876456831442975 155 9553 153 11334
1536 -1.6408034067496449 -1.4286972355274437 20.841038149403797 169 191 178 0.36681292963051171 155 7957 153 8858
2645 -2.1070798236343107 0.67897043559975179 19.705548478241202 2 4 2 0.6492777432876139 155 9608 153 11392
174 -1.0945504181910148 1.6217463034472239 22.685846046878908 176 191 186 0.64630113621935303 155 7321 165 7962 153 9202
2744 -2.3993407175625436 -0.22971241469283757 20.306364907945337 219 231 221 0.20746754926151384 155 9791 153 11584
39 -0.25679985415270662 0.23062649327640608 23.199691348699464 221 236 231 0.43356021216872859 155 4340 165 4297 153 2761
2257 -2.8444087336413943 0.15421735951726184 20.239839899152003 181 201 184 0.023641895087933431 155 8816 153 10661
93 -0.33056534055348824 0.2622537498485229 23.195060177765253 139 163 147 0.52040609738620069 155 5866 165 6356 153 7616
323 -0.23904734034042016 -6.6227705977088558 26.117170439126738 197 209 209 1.2493408506366175 155 9367 165 9543 153 11166
269 -1.7033711429540694 -3.3390985165589857 23.914463834140534 138 176 103 0.83770466560495682 155 8498 165 8305 153 9595
2487 -2.265272686743605 0.061738099897982686 20.044202147179863 219 232 223 0.11026466315381009 155 9277 153 11104
173 -1.2677442763986824 1.5951212842005416 22.654305271906559 221 232 226 0.62916547437199677 155 7318 165 7948 153 9198
176 -1.5418776363041098 1.6480702548829205 22.575130230329798 44 66 46 1.1337885834838841 155 7325 165 8878 153 7862
171 0.36101377231562642 1.5501872274417468 23.41258384116647 15 26 20 0.33490846300601351 155 7296 165 8897 153 9176
170 -1.3775685204916956 1.4388120022754474 22.620645067252067 112 142 124 0.79040015578038647 155 7287 165 8862 153 9174
319 -2.6418947000761661 0.71972623429909488 20.011249089798792 2 3 0 1.0798246277131729 155 9307 165 9410 153 11126
168 -1.0978905820566944 1.4242766635431143 22.752625562356112 134 157 149 0.55701688695064977 155 7279 165 8868 153 9168
167 0.021622228785223806 1.2675982973168931 23.243052148494574 111 140 124 0.55252990769296684 155 7259 165 7932 153 7759
162 0.47485290078097259 0.7070898701783862 23.319083950506673 206 222 212 0.17239798454643707 155 7206 165 7858 153 7678
2732 -1.8049767001056025 -1.0123813534572528 20.840795502784744 181 199 179 0.053877055878440779 155 9769 153 11563
27 -1.4361268850092648 -3.3864561047531203 23.834991004702978 164 184 158 0.21898467577630268 155 3565 165 3027 153 4491
311 -5.0028174360127293 -2.0324236246648471 22.487231348268978 215 225 222 0.83606994023476011 155 9181 165 10042
295 -0.2858182014340418 -6.4992659130909027 26.070331518906197 196 208 206 1.6861006387836726 155 8962 165 8975
136 -6.111622850606814 -3.198208795438914 23.537155638729363 195 221 189 0.27861476797164353 155 6586 165 5291 153 6870
82 -1.4014870833398236 -3.2333115217198789 23.91198853462496 200 220 192 0.34259940236659797 155 5246 165 7174 153 6866
2300 -3.5632095050683237 -6.0233979757539418 20.10526115454017 188 184 185 0.62916504772223858 155 8955 153 10780
2449 -1.1228272935242507 -1.1390297173324657 20.66906843116897 205 223 181 0.021515329148630111 155 9218 153 11040
231 -3.7338476299866343 -1.2225711647668185 21.551220746961963 222 235 229 0.39327553330158266 155 7985 165 8493 153 9867
798 -3.7463734142814973 -0.27015556937031499 20.83684981535794 92 103 99 0.11749912460281364 155 5790 153 5521
2475 -3.0817712952809151 -0.47163833140050682 20.881146543670908 50 61 57 0.10194905293659269 155 9253 153 11074
257 -6.02816267008187 -4.8650986153571658 24.340439861518274 219 229 228 0.044306325210508257 155 8399 165 9011
132 -4.4098276079374576 -3.3902325064937737 22.869066105048688 138 163 151 0.29991141369900992 155 6542 165 7053 153 8444
227 -5.1943711022773842 -1.7602956195350776 22.350286934648565 220 232 221 0.10421577251352106 155 7917 165 9190 153 9793
2445 -1.3340220824443878 -1.2484357424609687 21.283227434457451 167 195 174 1.3704822105173908 155 9216 153 11032
281 0.3811989893610182 0.65081611637241343 23.279179365533054 219 232 223 0.3249086858585955 155 8843 165 9457 153 10684
220 -0.73478015379726058 -3.6045547482025007 23.781108199661659 180 211 124 0.11243944069124881 155 7695 165 8280
2438 -2.4022324356816194 -1.5680607617008542 21.195205254991382 211 223 219 0.010194611476100141 155 9201 153 11018
274 -2.9805190460726605 -1.4216758192487724 21.65016898166688 124 152 130 1.3099482468062016 155 8684 165 8474 153 10541
2433 -2.2556374949195028 -1.675599243723713 21.100328791069209 182 199 183 0.090333119825285912 155 9198 153 11011
215 -0.91566511721403021 -3.7308934812254426 23.733873518985376 201 226 144 0.52847987934090113 155 7674 165 9099 153 9542
213 -0.88506035671661321 -3.7812346313693781 23.689521972276211 232 243 215 0.34826746961059546 155 7669 165 8254 153 8386
2431 -1.8529653553999341 -1.6932665581804502 20.983783710066952 162 187 166 0.19881318023208794 155 9196 153 11009
267 -1.1126214119387907 -3.5074059176305363 23.808611961579647 230 242 230 0.043106533517259744 155 8487 165 9122 153 10355
209 -3.6893989188206398 -3.7464605172712875 22.482709144159696 219 230 226 0.48578119962893379 155 7656 165 8183 153 9518
2427 -2.1611390817172142 -1.9393185513530697 20.761596288035847 132 164 140 0.064991412085012093 155 9184 153 10996
2481 -3.6729613852714302 -0.18859403664179364 20.723094976414099 149 176 160 0.15885816750376602 155 9267 153 11086
263 -4.0941606232103274 -3.6614810565972387 22.676872701115375 225 235 236 0.17388436194575899 155 8462 165 8202 153 10334
2426 -2.9117634311449825 -1.9959083938967124 21.326136485466613 216 227 223 0.31619990662931119 155 9180 153 10993
208 -1.1662075864339834 -3.925317923820598 23.666357482352264 227 241 202 0.21137479818841406 155 7654 165 7049 153 8371
2821 -2.497208600903559 -1.89024568104964 20.862532035778926 129 158 130 0.18974291896107986 155 9917 153 11714
116 -6.4411779508521727 -5.2280000199237895 24.321939925738153 156 177 160 0.010263189363172826 155 6317 165 4986
236 -0.28655321153021784 0.20143367476622634 23.197338699017326 215 230 223 0.21220236213820107 155 8137 165 8777 153 9999
242 0.38938447428744605 0.84298626356714301 23.304576339362285 127 156 140 0.53210876956395525 155 8181 165 8840 153 10051
255 -6.0708387739416905 -5.1679923927643134 24.307495530545697 222 233 229 0.065792301230712988 155 8377 165 8996 153 10235
2472 -1.5350910285575357 -0.60858259816356264 20.746835902412432 156 182 153 0.25528072708069083 155 9572 153 11070
254 -0.65247321804311043 -6.5276162742668671 26.15961167997731 202 211 215 0.31256408973039207 155 8338 165 9548 153 10171
2823 -2.3195794646343351 -1.8286657467930216 21.345143413027458 211 222 215 0.052398080360580183 155 9924 153 11716
118 -5.7510638148141515 -5.1952324199966089 24.320160324553061 221 234 235 0.3773546233728497 155 6324 165 6863 153 8180
253 -0.96881294374273152 2.3088164400402205 22.674780282163326 194 208 202 0.23558791015868652 155 8299 165 8925
250 -1.4382953764710997 1.6323707553341207 22.519184849561178 33 47 34 0.72170935668975711 155 8255 165 8880 153 10105
249 -1.4382953764710997 1.6323707553341207 22.519184849561178 33 47 34 0.72170935668975711 155 8254 165 8879 153 10104
248 0.24264507657596904 1.5179540316864355 23.327736311098452 118 139 124 0.26404923559300247 155 8234 165 8894 153 10089
247 0.3154461111079962 1.5101158487812665 23.393129517279796 202 213 209 0.51209059105724586 155 8231 165 9491 153 10088
2816 -2.2535496771745698 -1.9634747279668925 20.959865006583605 137 168 137 0.94307677161666748 155 9914 153 11709
111 -2.0246584706664321 -6.0858759811106404 24.179914454090046 159 181 170 0.53468656546268389 155 6250 165 4892 153 8060
244 0.24155556358134703 1.1887368084449166 23.263507253967386 147 168 159 0.1615606916749146 155 8203 165 8866
2461 -1.5883439380703492 -0.88592412737385928 20.64019141582364 225 236 234 0.021342057006221344 155 9233 153 11054
243 0.24058099166592367 1.1902610664304565 23.264456480597836 147 168 159 0.45313316640187767 155 8202 165 8865 153 10066
2459 -2.3890583631178353 -0.92724570358553227 21.072240549841791 138 166 154 0.15011511902410732 155 9226 153 11052
241 -2.345516033168336 0.43258493486004546 19.929408028428394 189 207 195 0.50884862106085071 155 8163 165 7694 153 10043
38 -0.065069313205453103 0.20683436989317361 23.212351708452324 131 152 141 0.46046427696621234 155 4335 165 6351 153 7607
2256 -2.8444087336413943 0.15421735951726184 20.239839899152003 181 201 184 0.023641895087933431 155 8815 153 10660
92 -0.13400972646454082 0.25197714538645399 23.214286845572573 212 232 220 0.54639942942446351 155 5865 165 6368 153 5609
90 -0.034398811642650629 0.22503951500965236 23.211350528487273 220 233 226 0.46835025324722324 155 5858 165 6358 153 7611
2254 -3.3064607248624882 0.12061272893633553 20.370503232054908 159 182 166 0.02516704352941751 155 8811 153 10658
36 -3.056870488177962 -1.220703227373694 21.771248205619418 99 119 95 0.39884154795404031 155 4112 165 5808 153 7390
35 -3.7658252161163066 -1.3465252017331852 21.5440794836273 178 199 192 0.71713260127378708 155 4095 165 3494
2253 -2.1867634710555026 0.10965821287515379 20.229225237802062 194 211 203 0.061035535514978978 155 8813 153 10657
89 -3.7043401678473158 -1.4243328231094794 21.578255073359308 202 219 211 0.24011481078910887 155 5629 165 5700 153 5295
87 -3.1284871392669742 -1.8194592085940848 21.511800685769245 218 236 224 0.24463719302922551 155 5545 165 5568 153 7259
2251 -1.7684400405183545 -0.068068102827049781 19.921124330111944 226 240 225 0.11229831906988946 155 8806 153 10650
33 -6.249704554050294 -2.1648371848952896 23.572812397027811 141 164 144 0.69221152497923688 155 3899 165 5546 153 7172
86 -1.349758073523716 -2.2526826231013453 22.580781030980933 210 235 180 0.50432229420565144 155 5465 165 5577 153 7146
2250 -3.000887543398552 -0.065692102460078353 20.313704804973046 197 210 200 0.17423410505059145 155 8805 153 10647
32 -6.2927812750617944 -2.2085403192877493 23.559399676614824 176 193 183 0.56597772174816496 155 3889 165 3219
1140 -1.7166639060312494 -1.0720476378511439 21.011868849643477 149 160 152 0.25083926238756699 155 5682 153 7426
2249 -4.1465321104542046 -0.14063692783583839 20.815472804166323 197 213 181 0.11136523803197915 155 8800 153 10644
31 -6.3335244241615456 -2.3887436932939088 23.53927578214709 168 187 168 0.33177457441609198 155 3841 165 3161 153 4940
84 -4.8975709543780646 -2.818944805872722 22.681312411956789 133 155 139 0.23727591025542846 155 5328 165 7128 153 6958
2248 -3.3751293268405118 -0.25497386735703331 20.550553758231896 192 208 197 0.072441400582953591 155 8790 153 10641
30 -2.1206514366803861 -2.5023769706530343 22.733273931417308 134 155 97 0.37536604542157131 155 3800 165 3178
11 -1.0079720868533899 2.0365190406397393 22.6223301276111 126 150 132 0.58237846748563482 155 3004 165 2362 153 6042
10 -0.090426528300945122 0.22431284476801797 23.209051657619661 196 213 202 0.37015132870272022 155 2609 165 1770 153 2757
6 -1.9229732661662635 -5.4879147406185522 24.176162268332185 166 183 175 0.29032868118240546 155 1537 165 67 153 116
4 -0.95175686944950677 1.2357199545220878 22.846748416362775 164 191 181 0.34081636797065296 155 1151 165 4593
1166 -3.7751829912359218 -0.28872868885069541 20.888369857333526 220 231 225 0.17306852608364753 155 5785 153 7546
57 -0.48149833806201936 1.768041992679207 22.999797959448312 168 181 172 0.69453332460380801 155 4647 165 4731 153 5980
2221 -1.5410902796267196 -0.87014486621234111 20.211986725874993 150 177 147 0.086741178062547275 155 9236 153 10588
3 0.12212944972687646 0.39490289531679562 23.230539835214117 205 223 218 0.19076916799355426 155 1006 165 1887
1 -6.0697660134815523 -5.4470309012097635 24.257350484635111 142 158 146 0.23160601595464778 155 65 165 2552
14 -5.7794046245356308 -5.1647685262907119 24.33878547179631 175 189 190 0.66417977761704794 155 3203 165 2614 153 3855
2232 -1.7455814765332083 -0.63845405993391602 20.476607367481854 231 241 233 0.2126418655590861 155 8758 153 10607
68 -5.502001622370158 -4.9169703615228606 24.324916770358957 128 150 148 0.37577660216334358 155 4907 165 5035 153 6444
69 -2.0579453491392852 -4.5127753028407467 22.637731687118283 214 108 129 0.63016230091873149 155 4935 165 5039 153 6483
2233 -2.3764192539927875 -0.58077868437878655 20.684620889103403 170 190 179 0.16339403179609258 155 8760 153 10609
15 -5.7761421730041098 -5.1602789619195546 24.330342383643927 175 189 190 0.035756222317585254 155 3204 165 2615
1125 -1.4171689061480679 -1.3265558473450292 20.809591029130146 165 192 171 0.05536391155616157 155 5642 153 7370
16 0.36933740081062083 -4.6505022044261253 25.471997297182078 172 196 183 0.59451097063006919 155 3301 165 2873 153 4033
18 -1.1678909644065729 -3.7606088035407756 23.726265960731347 230 246 216 0.24309079904946473 155 3456 165 2920
20 -0.76105674040555094 -3.7093455221888219 23.741221657850311 218 241 172 0.26282274490742757 155 3473 165 2949 153 4329
22 -3.247430494227697 -3.5653682042991828 22.607124463257527 208 219 213 0.52535777503860193 155 3478 165 277 153 4363
2240 -3.3649398907768737 -0.49280129041367371 20.89623901817772 209 222 212 0.11285309450884776 155 8769 153 10617
76 -1.3735310058943517 -3.6119759573340851 23.758285850974044 223 239 222 0.082901016335553551 155 5129 165 5303
77 -0.94896099045078286 -3.4429853268423156 23.82934556622105 172 195 152 1.0631506853658075 155 5177 165 5349
2241 -2.6531472246728174 -0.49715656813299997 20.832005971478161 183 201 187 0.45592036989618701 155 8771 153 10619
23 -1.3466807959174225 -3.6554199662553968 23.74690716860319 228 242 228 0.078124382527198166 155 3488 165 2955
24 -3.1215473943363072 -3.5024395205503738 22.671342682834762 146 163 155 0.23086834047010885 155 3499 165 2879 153 4400
2242 -1.6912749322916152 -0.50974412731432062 20.26807206860833 170 190 172 0.54345835048053859 155 8071 153 10620
78 -0.79573276232903023 -3.4408771395279598 23.808375353647826 223 241 214 0.48405379123372549 155 5178 165 5351 153 6794
1135 -1.6856623273623899 -1.1216277350065269 21.171936954280365 225 236 230 1.0419784168048045 155 5673 153 7413
26 -4.6141797054853049 -3.354086241087689 22.784560763727224 153 172 166 0.057608738102429877 155 3541 165 2895
29 -1.6302814885056476 -3.3329250878874372 23.915749278715271 212 232 209 0.18781035643374847 155 3587 165 3045
2247 -2.3493596573027102 -0.3023637724843326 20.341528316869216 135 164 136 0.35321250364556134 155 8784 153 10638
2301 -3.5632095050683237 -6.0233979757539418 20.10526115454017 188 184 185 0.62916504772223858 155 8954 153 10781
83 -4.9198962611750083 -2.8968643873014406 22.642895271382216 109 137 113 0.10021832594639551 155 5305 165 7110
1111 -2.7722780641873168 -1.5688297862912453 21.327533415745744 177 198 179 0.1149640057551768 155 5602 153 7320
2 -3.403721536560802 -1.528964989873292 21.775354870559703 143 165 153 0.36472940347360033 155 814 165 3443
62 0.36725497925292999 -5.5803095661820992 25.64062540809924 205 219 222 0.29159954084039974 155 4845 165 5056 153 6346
63 -5.3435404216432856 -5.2462993548061307 24.217231421762033 181 192 193 0.50155669414732751 155 4852 165 2592
64 -5.2343274018714663 -5.2350270426508345 24.198996734179694 216 226 228 0.53688310430397024 155 4855 165 2596 153 6373
37 -0.07628031539922199 0.17282462834880985 23.201388446846156 189 212 194 0.39777626608010597 155 4326 165 4277
1146 -1.5921985613275327 -0.97491665702320218 20.88630815312845 172 188 178 0.25624591104832906 155 5699 153 7446
2255 -3.3064607248624882 0.12061272893633553 20.370503232054908 159 182 166 0.02516704352941751 155 8812 153 10659
91 -0.21077709860917226 0.25135511292843715 23.212216056279214 225 241 234 0.27114633079386158 155 5864 165 6362 153 7615
65 -5.8793224297172788 -5.2177772230138864 24.330118812529815 133 159 151 0.10824526293449929 155 4861 165 5001
66 -5.983673479927444 -5.1728577825914197 24.321578424221105 195 212 202 0.14619079965958456 155 4868 165 2611
94 0.3647255076062943 0.80948180116335677 23.305831752424517 211 227 222 0.73391611369732657 155 5924 165 6518
1149 -1.5661931266898841 -0.95612527980951001 20.855673059950487 196 212 199 0.17700217081070851 155 5703 153 7453
2258 -2.2922026267569118 0.15685131764253341 20.187810726853275 182 202 193 0.23290102071439825 155 9283 153 10662
40 -0.35735624327614718 0.23885149636922789 23.203766215897627 173 200 174 0.34803085600365474 155 4341 165 4296 153 5606
70 -6.1757491097090149 -4.4409426214943659 24.383942224025201 130 153 145 0.69608079456071437 155 4972 165 2732 153 4068
72 -1.0976435155842212 -3.8844976609345001 23.663345833930087 237 248 214 0.35204200445276945 155 5068 165 5257 153 6671
99 0.25328265671969613 1.4733322388865013 23.351136067699297 197 210 202 0.67442066190711436 155 6036 165 6648 153 7807
1154 -1.6465730490409585 -0.70332899685828743 20.377500733489434 195 208 200 0.20573234657983458 155 5736 153 7484
2263 -2.416134090116989 0.30832964104699351 20.012770871115404 227 238 232 0.16115868336856021 155 8831 153 10677
45 0.20034794414665921 0.38481156204145672 23.250320538678231 172 199 183 0.3917965929264231 155 4368 165 4377
74 -3.3765968394979478 -3.6877321520293682 22.49090220316813 111 131 119 0.15042931394054726 155 5082 165 5169
79 -1.4385940503645627 -3.3204569330313243 23.879488942342686 213 234 203 0.35285681707322358 155 5217 165 5378 153 6843
52 0.35042085020426833 0.86442001823676806 23.302837295009194 147 167 160 0.41581664428162846 155 4427 165 6525 153 5719
1161 -4.2293913408976831 -0.36482820536524446 20.838720289733867 179 194 151 0.49188366752020557 155 5767 153 7533
80 -1.4684861923498436 -3.3091138591436304 23.873230688326448 149 175 135 0.56837467766506156 155 5221 165 5382 153 6848
81 -1.4014870833398236 -3.2333115217198789 23.91198853462496 200 220 192 0.34259940236659797 155 5245 165 7173 153 6865
1168 -3.8147330318416257 -0.25337930696373023 20.768504607481578 67 89 77 0.27255389725664114 155 7098 153 7558
59 -0.94173468315572717 -6.3027457996294523 26.07323746324289 125 149 149 1.1932346082000738 155 4800 165 6833 153 8073
1169 -3.97438584135655 -0.24970847896554885 20.786348950403902 158 185 170 0.54412080217916259 155 7097 153 7559
60 -2.5725251466618433 -5.8788634187345306 24.153255644818234 225 236 234 0.2863556791796269 155 4804 165 2525
88 -3.6174855078209927 -1.5139644618491133 21.649559678175475 138 161 148 0.48653056127134614 155 5610 165 7373 153 8844
61 -2.0097493649181395 -5.7699779611704303 24.193143764054192 217 232 227 0.47057989405905687 155 4808 165 2536 153 3728
1170 -3.6353028665302358 -0.22283322369284156 20.802850553537311 219 232 225 0.50915355687332986 155 5798 153 7565
96 0.46533749976616551 1.2252619938506617 23.404096305610405 188 206 197 0.39285900600842161 155 5981 165 7938 153 7752
101 0.62212680615444294 1.6255122820445882 23.645888931283029 117 141 116 0.40224627918241163 155 6058 165 7981
102 0.2668082090686969 1.6145757504215714 23.341216195259729 148 165 159 0.47852018454139206 155 6061 165 7975 153 7833
103 -1.0710726787792144 1.7479979691155576 22.652739013380529 221 232 232 0.30067682258374262 155 6100 165 7972 153 7875
104 0.082274702835915592 2.3589669567716389 23.249521363918813 189 208 195 0.50799537456745336 155 6150 165 8011 153 7945
105 -0.98917824649903774 2.4488374674890769 22.761847241813442 88 111 91 0.17853480442779035 155 6157 165 8926
106 -1.03857502768759 2.4580758874496302 22.735665143890792 170 191 170 0.68939392362125085 155 6159 165 8006 153 7953
107 -0.56466601721646281 2.5600606785004465 23.131460062081665 93 108 97 1.2926213795017523 155 6164 165 8931 153 7959
109 -0.47515401079386171 2.622347755033406 23.260039226449557 156 172 165 1.4227644511743305 155 6168 165 8934 153 7966
110 -0.47311410816201821 2.6183507504129095 23.259465860470623 156 172 165 1.2627033481730447 155 6169 165 8935
112 -2.3100128400335063 -6.0643947540790766 24.21472236242171 225 237 233 0.18665354191380878 155 6252 165 4896 153 6247
85 -6.2745308602909287 -2.3776789046504017 23.564809632124881 150 171 159 0.42377934039849657 155 5445 165 5491 153 7123
1194 1.4365820245470455 0.34847788509367889 19.374999524763517 221 232 218 3.5287112698632872 155 7199 153 7682
113 -1.9509233348601074 -5.6200261672273211 24.185311364017647 215 227 224 0.76990608218010737 155 6279 165 4948 153 6291
114 0.19259287040726819 -5.8630620759109284 25.623972238524008 146 166 166 0.64249714694584936 155 6281 165 5029 153 8112
115 -0.26830481184018207 -5.7936869825489978 25.857340952005991 158 173 170 1.101959500188378 155 6292 165 6892 153 9359
117 -5.7156418012258143 -5.2317559357641521 24.324592977259744 118 145 138 0.73340470897156973 155 6320 165 5003 153 8168
119 -5.9047332854612824 -5.1832232672170422 24.323301228272381 217 232 230 0.35814597022947042 155 6328 165 6861 153 8185
120 -4.0127081041220443 -4.9769467184201659 23.408129542880676 93 87 78 0.40601657869876134 155 6331 165 6858 153 8198
121 -6.1854818505231828 -5.0999009596659546 24.342920135359396 203 218 215 0.29729837593019931 155 6332 165 6871 153 8196
122 -5.0155819905971288 -5.0471118512749413 24.243631442591393 187 199 197 0.28880071722564249 155 6342 165 5030 153 6409
123 -5.5430234120225128 -4.9194192913630763 24.335647771615719 192 203 205 0.57948494591233923 155 6356 165 2656
125 -0.0066600810323748606 -4.6194780550464971 25.517470020176944 183 200 194 0.28120125774990218 155 6407 165 5241 153 6538
126 0.38038663002304113 -4.601560718670112 25.452123935606679 132 157 143 1.2477722126605202 155 6408 165 7045
127 -6.1410001885070828 -4.2380126064325738 24.384972794318667 210 225 222 0.24773425477569236 155 6432 165 6966 153 6608
2476 -3.2958806107651881 -0.46200659968281838 20.748706339322421 129 157 135 0.13494432184040855 155 9255 153 11077
258 -6.3000067196451699 -4.7819628500159164 24.329717811313746 118 143 137 0.19871640711497196 155 8400 165 9017 153 10254
259 -1.9027893485608736 -4.5400387673645284 22.737621197081126 224 117 135 0.025167478805831242 155 8403 165 9015
2478 -2.8599933189582614 -0.36484580328340355 20.58108343778262 127 157 131 0.075981736547934886 155 9260 153 11082
260 -1.8308360063975968 -4.5353224651594104 22.798438421089728 195 64 82 0.67749534909843234 155 8404 165 9591 153 10263
264 -1.3226500228851938 -3.6578998597759091 23.754484040516029 225 235 228 0.92595160826303757 155 8475 165 9655 153 10341
2483 -1.4954362821251856 -0.12827428547987679 20.108003272232668 199 218 172 0.22379035101347364 155 9271 153 11095
265 -0.7303783565195322 -3.612774944502311 23.770587919172659 176 209 118 0.27701906565498924 155 8478 165 9118
2486 -2.5121571256041757 0.017675834649635822 20.234889264384922 212 230 218 0.029220223674768557 155 9274 153 11100
268 -1.1126214119387907 -3.5074059176305363 23.808611961579647 230 242 230 0.043106533517259744 155 8488 165 9121 153 10356
2488 -1.5982891759328957 0.064222022091652606 19.948926675424364 201 218 173 0.090585588339470058 155 9278 153 11105
270 -1.1458489907875573 -3.3512381737934613 23.876196416994432 220 232 222 0.3872148468993788 155 8499 165 9132 153 10364
2489 -3.3751478280605016 0.10869431358341956 20.512363596296819 221 231 223 0.068498749377474882 155 9279 153 11106
271 1.7565853251882111 -3.3976722703234095 24.794021398715682 104 134 106 0.877708036671217 155 8500 165 9157 153 10361
273 -4.9564271115511183 -2.5110895258956507 22.628815883599824 121 153 116 0.45651891277464829 155 8561 165 9680 153 10429
2493 -3.7559243149347319 0.3225166933515819 20.422188768091246 183 199 170 0.10008772679520332 155 9289 153 11113
275 -3.9222802331392947 -0.81332685605787836 21.363567278192665 226 237 233 0.40998228248891627 155 8739 165 8540 153 10591
2495 -2.0196877769971411 0.32996462234289736 19.804180257144488 199 218 199 0.28166718466595742 155 9293 153 11116
277 -2.9217887689037076 0.24664080392168317 20.268304610305833 167 191 175 0.59128969041528912 155 8821 165 8686 153 10666
278 -2.339903501330908 0.30730773321903981 19.981512654209606 181 201 190 0.22930408849115039 155 8833 165 9375 153 10679
280 -0.050177947533975586 0.57626609886035729 23.19679259814178 211 226 219 0.41916489886798664 155 8840 165 8811 153 10028
282 0.43601337555036507 1.1953795112625973 23.366111463319086 190 202 200 0.95138134479214387 155 8869 165 9914
283 0.14734994832862072 1.2704166714120044 23.249045571480906 130 157 142 0.30257168106462279 155 8872 165 9485 153 10707
2502 -2.1809768570643357 0.6477963805997915 19.919033383623141 207 222 191 0.044450721201307712 155 9303 153 11124
284 -1.2518949570063376 1.4982745898479979 22.675232209193531 226 236 235 0.42660895947853544 155 8884 165 9484 153 10716
286 -1.4197220438093461 1.5083207111536738 22.6016542375665 224 235 229 0.71807078816548453 155 8886 165 9483 153 10718
289 -0.5227937984510963 1.8978917600977379 22.945727334347261 100 127 110 1.8871910694982688 155 8914 165 9924 153 10743
290 0.14999977014304725 2.1253238368643186 23.23102597881045 209 221 219 0.12873077765697058 155 8924 165 9508 153 10750
292 -0.84701052146890776 2.5551755110347449 22.989354775236695 180 191 185 1.7760798281075156 155 8935 165 9935
293 -0.31543192442256329 -6.7240135821818381 26.154664004041784 145 165 164 0.55505273513941711 155 8956 165 8965 153 10785
296 -0.197018571981773 -6.4795315659795474 26.064293180045105 133 151 137 1.3618952627364314 155 8963 165 8977
298 -1.1369721741533894 -6.2966072176612267 25.998489129185561 190 205 200 0.56029429143847487 155 8968 165 9555 153 10182
303 0.38699845369151731 -5.7243823531323406 25.595075499520039 229 237 240 0.11027730363429329 155 8991 165 9582 153 10811
304 -0.53775124394318619 -5.5731579949397014 25.922260111810676 183 194 191 0.89054012403465266 155 9005 165 9027
307 -3.1023256381043218 -3.6111736315908507 22.543982663952395 82 114 77 0.91545168093309093 155 9082 165 9638 153 11243
309 -1.0211678152128245 -3.5226723721649078 23.810444093953048 168 198 128 0.35266333711625047 155 9090 165 9663 153 10903
310 -0.74063271193081182 -3.4671026679220973 23.792607096706611 153 188 109 1.0976084290348966 155 9096 165 9667 153 11250
313 -1.4645971141662719 -0.62876440494962105 20.238199389458067 186 206 195 0.59944130879988666 155 9250 165 8569 153 11071
315 -0.1698540344611516 0.20290158385180501 23.201744668766818 111 149 110 0.65169764341557146 155 9276 165 10161 153 11098
321 -0.4558819841115766 2.3368728135547774 22.964351894382183 195 206 200 1.7231212376997649 155 9338 165 9929 153 11148
