# 3D point list with one line of data per point:
#   POINT3D_ID, X, Y, Z, R, G, B, ERROR, TRACK[] as (IMAGE_ID, POINT2D_IDX)
# Number of points: 152, mean track length: 2
102 0.82755439897151695 -4.1621792350936211 47.213124571221257 216 233 227 0.056868470627069345 190 8962 160 10407
101 0.52293680058790404 -4.1779726518118716 47.32876880386852 136 180 147 0.51431040029398767 190 8961 160 10400
100 0.84075588922055133 -4.2920427171544855 46.979173717717664 216 231 228 0.13750941380800069 190 8955 160 10398
99 1.2994447038270276 -4.3641881546764605 46.469434062663261 133 179 133 0.57888698643859438 190 8951 160 10401
98 -2.9850117591371208 3.4646731019369197 52.941787927908152 215 236 217 0.59270592480028461 190 8882 160 9695
97 -3.0422715338197714 3.4389340094192673 52.957282440258204 171 206 165 0.15287661804607075 190 8881 160 9694
96 -3.0090987268470215 2.9250490209799915 54.194939806980415 205 230 211 0.36341814225705849 190 8874 160 9690
95 -3.0090987268470215 2.9250490209799915 54.194939806980415 205 230 211 0.36341814225705849 190 8873 160 9689
94 -3.5867411028668799 2.5336510789151565 54.864980455571192 199 222 206 0.41695978103369136 190 8864 160 9676
93 -3.7008924490587352 2.5232969047869238 54.814558932943854 211 229 221 0.50978462868171381 190 8863 160 9675
92 -3.6288164609404721 2.3587875482997367 55.125774694749111 187 212 190 0.28777135606065163 190 8855 160 9670
91 -3.7308915038210819 -0.28353910049740316 57.106454070203149 202 221 219 0.12002459849664865 190 8815 160 8335
90 -3.0526530142137389 -0.34055389462875141 56.98396253778845 132 166 154 0.45472295801450718 190 8808 160 8377
89 -2.5245810934576953 -0.61916123158586034 57.107566084398201 110 147 116 0.48042949151017644 190 8789 160 9423
88 2.5612008149874881 -1.2352848549644688 55.287814554006623 198 216 210 0.55224898838555225 190 8727 160 9569
87 0.24532465406942558 -3.5674704782326776 48.183038517863167 210 232 221 0.71816667101104681 190 8537 160 9832
86 0.12054948025039536 -3.6990183227916416 48.024567970740094 216 238 227 0.083236569498986085 190 8527 160 9816
85 1.1283032323627613 -4.0914361213321619 47.090424730524845 140 178 146 0.055636616019106362 190 8501 160 8950
84 -1.3578071775521285 -4.2959019332252293 46.69154148070281 239 225 238 1.5337180912663979 190 8489 160 9734
83 1.3733543464662954 -4.3779243604997173 46.306016716353078 212 233 217 0.27839086947023162 190 8477 160 9780
82 -3.1627445601654185 2.8038626394309802 54.493420286764426 133 177 116 0.62523090220156585 190 8355 160 8760
81 -3.5647709823050842 2.6952389607875324 54.561346995094603 203 227 211 0.044369249133610983 190 8354 160 8749
80 -3.4631625980417984 2.2589374869771714 55.184363129356619 167 202 174 0.050267969069155934 190 8343 160 9669
79 -3.4207281442788613 2.1645276615313516 55.358759577397471 161 195 159 0.16146957316502669 190 8338 160 8734
78 -3.7949883569208502 1.9143132938401977 55.704421793582881 137 175 146 1.1085892809791642 190 8334 160 8717
145 0.68497839035271502 -3.7866189263370611 47.756922256826385 114 160 124 2.2779346689356843 190 9686 160 11108
18 0.38913521514038835 -3.198875225414425 48.46945328211671 161 193 169 0.24757470469323048 190 5553 160 3507
17 0.29867060411137542 -3.2252825987799807 48.410170692283742 152 192 152 0.10852853487427266 190 5548 160 5908
144 0.72001761972169676 -4.2466412884088349 47.164588924671413 123 172 122 0.4042455915273413 190 9676 160 11082
16 0.24533329498745943 -3.4479194233018422 48.247704194357198 152 184 162 0.11560728590913924 190 5503 160 3446
143 -3.0879566904924176 2.783659909237405 54.435594603779727 118 164 117 0.17320777359212461 190 9646 160 11050
15 1.1810428730939868 -4.1737169864292376 46.922327622873482 170 197 180 0.0029086169030703856 190 5378 160 5767
142 -2.8073297524913401 2.5788292938254886 54.128795415005477 95 135 111 0.70695630008865762 190 9645 160 11263
14 1.0667295555453749 -4.2296792098694844 46.937120427423537 175 202 185 0.48829559222442115 190 5370 160 5748
141 -2.337138081964838 -0.53962009331285454 56.79340735513177 186 206 197 1.3366145759151693 190 9619 160 10654
13 0.97196239470726775 -4.230108835205999 46.979382617513878 179 203 190 0.29150844818084898 190 5369 160 5739
140 -3.0377265203663 -0.83276617175811207 57.865269527905973 188 210 197 0.35432489688507529 190 9609 160 10629
43 0.89348913468615976 -4.0095240496131908 47.345723863427018 172 209 176 0.30476884487468442 190 6775 160 7651
42 0.49340231053444139 -4.1147708900547295 47.494018515611458 204 230 211 0.11862936666345655 190 6763 160 7612
41 1.4106030746982643 -4.1399884469353427 46.681674116737526 150 183 152 0.18424845028807418 190 6761 160 7646
40 1.0954617227677186 -4.1419786065378785 47.039930068646399 208 231 218 0.47571435345314256 190 6760 160 7635
39 1.1454888143133519 -4.1494160245429619 46.991558056946339 211 233 220 0.36411590631697921 190 6758 160 7636
56 -3.6949968981548351 2.5662218333643616 54.767337628546265 124 165 129 0.64902013271445402 190 7558 160 7399
115 -2.9847779450076253 2.6643921837109401 54.595062102130079 165 198 173 0.055899677735798833 190 9250 160 10315
57 -3.3251085482006131 2.6384733277208317 54.734271683092786 158 188 163 0.12889859173725604 190 7559 160 8750
116 -3.0701388725881626 2.8854012675602005 54.259633343534347 123 167 131 0.26233457147867933 190 9258 160 10319
117 -3.4524545358426613 3.0768161312480342 53.856528148358947 137 178 135 0.79831619813497134 190 9262 160 10320
118 0.84264366306550031 -4.4341755490804493 46.708431608826878 217 234 226 0.13861993148593932 190 9317 160 10382
119 0.84264366306550031 -4.4341755490804493 46.708431608826878 217 234 226 0.13861993148593932 190 9318 160 10383
120 1.429298056540486 -4.2957572337187973 46.385133832198001 138 183 138 0.44865677300696705 190 9328 160 10408
121 0.54945706881234546 -4.2587545315540849 47.204567506647862 213 234 227 0.24365112592693799 190 9330 160 10801
122 0.27961035306144838 -3.9859313801476581 47.738830608404143 219 236 230 0.15853510390080278 190 9339 160 10410
35 1.3776541756214764 -4.2441743882655922 46.511302480225567 185 217 184 0.061847212588304445 190 6741 160 5754
123 0.27961035306144838 -3.9859313801476581 47.738830608404143 219 236 230 0.15853510390080278 190 9340 160 10411
36 1.3776541756214764 -4.2441743882655922 46.511302480225567 185 217 184 0.061847212588304445 190 6742 160 5755
124 0.26385065007076097 -3.7238096317897047 48.002607856506764 139 185 138 0.57736726968124641 190 9347 160 10435
37 1.1066029270021205 -4.2276515930748069 46.916603265385895 206 233 216 0.2554099299776742 190 6744 160 7619
125 0.65907766413416002 -3.6692091868170893 47.977521560501572 140 181 148 1.5046686274323409 190 9350 160 10442
38 1.1834751542932962 -4.2125323539507349 46.831207669980451 207 230 214 0.23577705152172856 190 6749 160 7626
126 3.1256504080862917 -1.1160147592768392 53.845350210021628 122 157 140 1.0672465297024885 190 9446 160 9596
127 -3.226262005512873 -0.21052259993420977 56.790819699118266 125 158 148 0.50616457886547961 190 9472 160 10657
55 -3.6685217585304577 2.2959901905876428 55.15827711109538 157 188 172 0.67242626444721632 190 7544 160 7382
114 -3.5121989270121481 2.5039559693000535 54.861917189112532 133 173 138 0.062428662637370853 190 9246 160 10309
54 -3.8110213088228799 2.0607652022031933 55.493110771638726 188 215 198 0.017898196539784639 190 7529 160 7364
113 -2.2591657136512375 1.9276081492354902 52.56735532394098 133 174 134 0.87149268359246324 190 9237 160 10302
53 -3.7658456759484844 1.5562075416140666 55.952049342807541 199 223 209 0.5189518952953871 190 7519 160 7332
112 -3.3044913250539896 -0.26349678411576383 56.824861137763925 202 221 219 0.57879360989104511 190 9193 160 10164
52 1.7898239821382309 -3.0921435448554999 47.264297764798776 99 143 117 0.21266939207638752 190 6884 160 6064
111 -3.4728922655781629 -0.30416465461225894 57.10969733826591 203 219 216 0.20598632804806596 190 9189 160 9428
51 0.26338089950050042 -3.3153509549336042 48.36579428170112 215 240 221 0.15233148314395772 190 6856 160 5891
110 -1.4604872614200699 -0.12461320214883014 59.458844765436581 149 172 156 0.81946243932772767 190 9184 160 10698
50 0.21761458115538335 -3.4273473699235915 48.320005717584721 148 185 153 0.34350172208392948 190 6842 160 5868
109 0.28485032532369736 -3.2642093630559095 48.423444546547323 151 193 147 0.23594014934596208 190 8996 160 9861
49 -0.94300625571302576 -3.4695687189481594 51.993992994291247 12 20 1 0.47559187972566003 190 6832 160 7720
108 0.26828897160198129 -3.6354963681838663 48.100569143561422 136 181 126 0.49484784624103229 190 8984 160 9825
48 0.10816795865592904 -3.657402821625602 48.036883866638568 134 176 145 0.20469579460435278 190 6811 160 5809
107 0.1659714708639978 -3.7632045676662265 47.969428787830374 134 181 127 0.19220640365112984 190 8979 160 10428
47 0.22410093575974632 -3.7792404043311154 47.965404438183882 205 230 217 0.097269359989014065 190 6798 160 5792
106 0.35985326636450543 -4.0428190003621118 47.653383773283856 134 179 143 0.63909256299522865 190 8968 160 9794
46 0.18079790693627376 -3.7999364457670568 47.947657209377724 141 180 147 0.070117299271106187 190 6794 160 7653
105 1.0622549875278515 -4.0710230464121171 47.164116032327996 202 225 209 0.041732855427985979 190 8967 160 9807
45 0.35394492082285139 -3.9460244741064203 47.791515911154455 172 199 186 0.22077668563738378 190 6783 160 5772
104 0.57242322389298417 -4.0771542924937547 47.52093587290225 139 179 145 0.39877113281662141 190 8966 160 10409
44 0.36996914949285065 -3.9886326957929179 47.734983499879682 213 234 225 0.13983443761816039 190 6779 160 5761
103 1.466075576877504 -4.0776393410410821 46.840370949955982 132 175 132 2.1476218921888406 190 8964 160 10433
58 -3.5221960624483426 2.9590583521979141 54.051267581788338 199 225 194 0.23158792078923529 190 7572 160 7411
146 1.1401082886762814 -3.5838114818466211 47.83050663954851 187 216 171 0.41507079061043883 190 9691 160 11313
19 1.8832538839401118 -3.1929336917944959 47.027752881995681 66 100 84 0.67678943396828251 190 5556 160 3624
59 1.5452742814742046 -4.4657878258175243 45.865174240420082 213 238 219 0.023574578733413648 190 7731 160 7590
147 -3.3841102809268011 1.7047903611423685 55.535456615727838 117 161 128 0.72335574130709068 190 9774 160 11259
20 0.43389768475459817 -3.1744644430163542 48.495650401825699 160 195 165 0.090924026535777969 190 5557 160 3521
30 -1.0115204505489768 -4.7897318147131323 53.287515983689943 141 181 143 0.21376776242258744 190 6662 160 5673
148 -3.3003410573855714 1.8348499572061918 55.63327655074665 204 223 204 0.14263339413349094 190 9776 160 11260
21 1.8159161509315702 -3.1346861869751432 47.244573734764934 126 163 146 1.1522820232061437 190 5571 160 3648
31 1.4016259027108737 -4.6170331925607959 45.732098837123687 200 229 198 0.36246088981931557 190 6672 160 5668
149 -3.1201195777713182 1.8545882032248975 55.519645977180176 106 150 115 0.26365573900916262 190 9777 160 11402
22 0.24290604709131119 -1.717217718521286 55.411178849295851 193 214 195 0.20556579833320518 190 5862 160 6699
32 1.4512467006427003 -4.3751140185103923 46.176419763688614 184 217 186 0.09580682901925211 190 6715 160 5730
150 -2.5647823414646309 2.3402332203605622 53.628120453160214 181 202 190 1.7037672123514578 190 9779 160 11409
23 1.2544144740445926 -1.622483091484324 54.489477059396798 152 177 171 0.15376595080516903 190 5899 160 6837
33 -2.9127389453520443 -4.4954784902133529 54.574352378582049 172 205 174 0.09340133779374464 190 6719 160 5637
151 -3.2029475892398191 2.9880628233136681 54.11391772025295 204 226 213 0.25978480525746189 190 9782 160 11267
24 0.75210216830743182 -1.490629199405624 55.025881974239212 135 163 151 0.11780154989338618 190 5944 160 6841
34 0.99113943039432717 -4.3302782917318501 46.792096817985744 141 177 148 0.20932666292559579 190 6724 160 7599
152 -3.1324197448325686 3.1129791686640935 53.744101331599488 114 160 113 0.59713575826877641 190 9866 160 11268
25 -2.2642524766818348 -0.62233942372098805 56.950085078272188 175 202 184 0.25830525246880814 190 6226 160 4763
139 2.4313276956510963 -0.92567342245860673 54.778491361388355 92 131 104 0.062273858942424515 190 9606 160 10707
12 1.4192398990033157 -4.3756282709266348 46.22360451881206 151 189 148 0.15977453363161875 190 5349 160 5727
138 1.0646754563241252 -3.3607589916440954 48.445971101381119 190 221 165 0.64811245823177832 190 9548 160 11315
11 -2.8947734293742702 1.8958468450034216 55.411183828751518 175 208 181 2.0484297379480729 190 5000 160 7370
137 1.2936106494952118 -3.8049091810918116 47.29311802620969 180 209 178 0.17153629784641175 190 9538 160 10843
10 -3.1303992481727141 1.4666884009324286 55.788660170987256 144 170 121 2.0611310138819401 190 4983 160 7342
136 0.169649945435347 -3.934148488913733 47.820045217316689 133 178 139 0.54190450754334907 190 9537 160 10816
9 0.79524116077209717 -1.4845195642755635 54.989210578071877 129 155 148 0.55864540715532396 190 4350 160 2132
135 1.2450863743499458 -4.1242042904778629 46.87695677482251 206 227 216 1.5358621534335168 190 9532 160 11299
8 1.384448144680908 -1.6497986176535584 54.357918769542991 199 218 212 0.25669850859260757 190 4299 160 4757
134 1.3539803895144591 -4.280268932871234 46.416939489869826 140 182 142 0.65328822805339715 190 9530 160 11089
7 1.3469518678679211 -1.6498759971218808 54.383378719139458 140 166 157 0.10712830621211381 190 4297 160 6838
133 -3.3634904476157508 3.0781710587997986 53.880906626480524 210 230 228 0.13328697003853063 190 9497 160 10751
6 1.1187783725109626 -1.6731305773705614 54.530436942782728 142 166 155 0.52870057183578778 190 4284 160 6799
132 -2.6626772849316729 2.6005912999330127 53.864378077432072 195 217 201 0.32869132559975345 190 9489 160 11049
5 0.6349731317079188 -2.128310461133148 53.168409371162774 148 171 163 0.63561307383333565 190 4101 160 6517
131 -3.5383505100404018 2.2204064329026818 55.218962251757844 113 160 118 0.33708855663444659 190 9486 160 10734
4 0.24144378685371681 -2.2102953585266016 52.710336413612616 185 205 199 0.7056011160377329 190 4073 160 4147
130 -3.3691029927107374 1.9552839969748042 55.532664172696066 202 222 210 0.2172959320334602 190 9484 160 10732
3 1.0286892225586468 -4.2575070742124401 46.827633200457676 181 205 189 1.3126490520556917 190 3624 160 3255
129 -3.4470488513075566 1.8896004833928863 55.582504769991935 122 165 130 0.28602963864034259 190 9483 160 10729
2 1.4885209398538342 -4.2886946246672624 46.297149630593772 184 219 189 0.31101726526379531 190 3617 160 3267
128 -3.2967102240925352 1.6616521001738993 55.833371670666068 134 173 146 0.52883023494408798 190 9481 160 11035
1 -2.4949514198772751 -1.3479277656761397 57.289924122700612 116 142 133 0.14951804102220906 190 2571 160 4389
26 -1.7839889416778014 -0.25590578428164734 59.489403314239318 85 120 85 0.6886941181929378 190 6271 160 9555
27 -3.099795407429502 -0.35574370535615585 57.055504035011808 190 212 209 0.4133896014284873 190 6300 160 4769
28 -1.1943961086995751 0.073407145538015209 59.64777064349618 130 158 129 0.25720566049460258 190 6347 160 7253
29 -3.2438125756172074 2.9036175107731763 54.263096814701889 198 229 197 0.18823722711616403 190 6472 160 7413
60 1.5452742814742046 -4.4657878258175243 45.865174240420082 213 238 219 0.023574578733413648 190 7732 160 7591
61 -0.96123160131405183 -4.4001782920084729 46.057408206571864 190 197 190 0.27104816600315873 190 7740 160 7504
62 0.8664224920390825 -4.3565442442618743 46.898343881993192 132 173 138 0.022894258514809813 190 7746 160 8914
63 1.4818001339842646 -4.3354369063336646 46.22361186212396 142 183 144 0.69333229326614376 190 7750 160 8928
64 1.5359132791781465 -4.3291611633524862 46.142945464586404 214 235 224 0.19306653654920766 190 7752 160 7618
65 0.50747555413008583 -4.2988775068187373 47.130684819059901 140 180 145 0.0013388669334343534 190 7758 160 8907
66 1.5853416569151813 -4.2161212399850605 46.220680872171414 206 230 214 0.076374927269678664 190 7766 160 5773
67 1.3567471078482733 -4.0846653757788474 46.847350696295834 184 214 190 0.069724815034494056 190 7781 160 7661
68 0.49214127629807797 -4.0702392544339325 47.582255451065585 146 187 156 0.50491476923026357 190 7784 160 7620
69 0.437913685024377 -4.0513409923240333 47.632572829020347 216 234 224 0.55243311146244567 190 7786 160 8931
70 0.26088137120650934 -4.0471183062137355 47.660962906106214 141 183 151 1.2498029694193997 190 7787 160 7614
71 0.42276688202834117 -3.9941414279227612 47.693253485289411 157 192 168 0.68352480792908255 190 7794 160 8936
72 0.42014579009569514 -3.729077943326303 48.056953898519907 205 229 215 0.14576778508483745 190 7813 160 7681
73 0.20481135199458514 -3.6772544530417104 48.056938151922445 198 224 204 0.073829502819978646 190 7822 160 8978
74 1.621403018000271 -2.9865069691407262 47.729831800779024 164 200 162 1.0552294578488313 190 7889 160 7867
75 -3.9428281994684919 -0.43506679139852916 57.248170229493802 213 228 233 0.68672877605972493 190 8259 160 6721
76 -3.6341650013279763 -0.31575035688406161 57.138294409992199 208 226 226 0.23473318073557398 190 8275 160 8336
77 -1.3191951330322724 -0.01083107191849441 59.49381696107023 88 122 90 0.35865427788149584 190 8279 160 9592
