# 3D point list with one line of data per point:
#   POINT3D_ID, X, Y, Z, R, G, B, ERROR, TRACK[] as (IMAGE_ID, POINT2D_IDX)
# Number of points: 197, mean track length: 2
1 -4.6582257382526722 -0.6754654795031515 21.579667640821803 79 81 76 0.24341417417692995 128 570 137 1728
128 -2.3871679694308523 4.6823838311307959 30.382908388800107 55 47 26 0.92991478277909057 128 10224 137 5908
2 -2.0876506638598844 4.9401637137055578 30.434487143295527 53 45 31 0.43644162988274149 128 2092 137 2421
129 -2.3001258219149578 4.9985119374455715 30.463630387254817 231 230 209 0.088529788382864183 128 10244 137 6323
3 -1.8805209959463214 5.0972089984715456 30.426137705441537 61 54 34 0.17400727206985758 128 2187 137 3658
130 -2.3001258219149578 4.9985119374455715 30.463630387254817 231 230 209 0.088529788382864183 128 10245 137 6324
4 -4.5439204747764341 5.8835190713921621 30.404217627353621 45 33 11 0.28022261255173581 128 2634 137 1216
131 -1.8460896058881613 5.0729870554911027 30.480690556615691 236 239 223 0.0064335289148052211 128 10250 137 6344
5 -2.051054867044217 5.9134405793676716 30.427221694947889 156 148 125 0.17295427253054077 128 2665 137 1507
132 -4.1006853045137985 5.1638547451715944 30.524596703721986 49 38 19 0.60849189304743323 128 10255 137 5864
6 -3.5583568322123935 6.5717418752199768 30.404250203753616 32 21 0 0.34444362234774184 128 3093 137 2530
133 -3.8598687958253501 5.1457899529168198 30.444611437196524 41 33 14 0.10394153346654206 128 10256 137 5874
7 -4.7027667038163994 -0.58235485376062213 21.559217671833952 101 104 93 0.23971147551016228 128 3876 137 2861
134 -1.8704990612871926 5.2691923131367355 30.430173895224449 235 235 230 0.19167898732014538 128 10264 137 6354
8 -1.6760720597888144 0.28605971763700044 25.12938932378983 63 68 61 0.39862205869828959 128 4121 137 1001
135 -2.7609945698206428 5.3429857430469001 30.522121810355415 235 232 215 0.12172843351434 128 10267 137 5929
9 -1.2003721616356247 0.70078596160072804 25.336896777317666 65 74 66 0.47646474048498322 128 4194 137 3103
136 -2.4806188113699537 5.33650455985779 30.499727493497566 43 32 14 0.43898551080096887 128 10268 137 5940
10 -5.4444468354356275 5.0372891918736027 30.259968948186664 55 40 19 0.15132147229850912 128 5245 137 2063
137 -4.9572113657512276 5.343466398283045 30.378416456466997 30 22 2 0.060030487258618148 128 10270 137 5850
11 -4.1509916632612658 5.0549244314150128 30.523376020592259 118 106 80 1.3263149779056465 128 5246 137 3311
138 -5.4890717272097822 5.3798906684870991 30.333641789277365 139 120 90 0.59271866171579957 128 10272 137 5837
42 -4.8906402705990413 5.8954468997024971 30.334898831140766 56 41 25 0.15982411869432822 128 7729 137 3352
169 -2.6786182926990367 6.5523277078184519 30.341659553076877 229 225 215 0.5512041537340181 128 10595 137 6369
43 -3.0462466109838395 6.0152120625036254 30.491143494397654 230 223 194 0.0028865749170309081 128 7760 137 4686
170 -3.7493340288330055 6.7009111375982151 30.454127149368258 219 206 171 0.16357405234740635 128 10599 137 6353
44 -2.5284465831322755 6.0083591935271627 30.498737197246811 87 76 58 0.078740003044111107 128 7761 137 3734
171 -2.0799806874361084 0.56613373645289899 25.362334697463726 45 51 41 0.5639777455251882 128 10688 137 6207
45 -2.1760840214097916 6.0089707954663307 30.514518649204156 45 31 7 0.038994549603131215 128 7764 137 3769
172 -2.0198700035289887 4.4366423258536019 30.379992181139876 45 39 18 1.1942520509231178 128 10750 137 6580
46 -4.3628983894975901 6.0097918144829752 30.250018678042107 72 58 21 0.37551746370680994 128 7767 137 3442
173 -2.1178152733300504 4.553620823448524 30.362595430602529 55 47 26 0.88668391590365081 128 10755 137 6581
47 -3.3664741979025901 6.1241187965573456 30.496631102012149 127 107 83 0.51012572356467378 128 7794 137 3636
174 -2.1178152733300504 4.553620823448524 30.362595430602529 55 47 26 0.88668391590365081 128 10756 137 6582
48 -3.0396049189189074 6.1306190443081192 30.469058023869891 53 39 10 0.042466154909241181 128 7801 137 3686
175 -2.0771269342356629 4.6680522263227182 30.413045253984979 42 35 19 0.33009149923009179 128 10759 137 6587
49 -3.082875000008801 6.1404202820283533 30.46351938813018 179 165 123 0.03140207701247183 128 7802 137 3681
176 -2.5668640590098941 4.8011611928951252 30.423181242831543 76 67 49 0.29233645908528016 128 10764 137 6308
50 -3.0592529986446571 6.2509760252560946 30.537425335710651 46 34 9 0.43566784015734339 128 7829 137 3708
177 -4.2895012704701259 5.5208094133978136 30.372748035637706 50 44 21 0.49619538940184027 128 10780 137 6557
51 -2.6182473120572713 6.6351598864099817 30.401353492434453 121 107 84 0.051651075085628252 128 7921 137 3810
178 -2.3177975764177798 5.6597556949664911 30.463762007686768 62 51 29 0.071598098830603751 128 10783 137 6597
52 -4.7102580501826843 -0.56955488320044467 21.558018493708587 90 93 82 0.48884421767417607 128 8312 137 5627
179 -2.7598641969378641 5.7191832288829252 30.540020549956523 126 112 72 0.77451997128152961 128 10784 137 6591
53 -2.2835723442073514 3.9303912500489866 30.290727546629594 167 158 130 0.46379942124505658 128 8691 137 4438
180 -5.254275363497606 5.7368792799641941 30.312184699295926 163 149 112 0.63237964729577456 128 10786 137 6285
54 -2.0834353668357584 4.1378483651090425 30.318742356206734 70 59 39 0.20611845695813646 128 8730 137 4499
181 -2.786822893317078 5.9666589810385728 30.540830133318927 46 38 25 0.28293890102999553 128 10789 137 6594
55 -2.1110182510611928 4.1814185951782896 30.341010650692716 188 180 153 0.46332809366139027 128 8739 137 4502
182 -5.0237410969667016 6.098702695019508 30.332433127575595 153 134 96 0.76050776528342412 128 10791 137 6560
56 -2.8756381815234193 4.5666499034521459 30.395768171676881 158 145 110 0.025931842312754978 128 8796 137 3386
183 -3.4031612724729201 6.4603236573176925 30.426772933342669 227 221 199 0.55332577279664452 128 10799 137 6595
57 -2.813285772642816 4.6162640891140558 30.432331265547585 233 230 211 0.21480322046089223 128 8807 137 4480
184 -3.4031612724729201 6.4603236573176925 30.426772933342669 227 221 199 0.55332577279664452 128 10800 137 6596
197 -4.4285794636476412 6.0171589571805049 30.116047813953806 151 136 103 1.0455084907568093 128 11050 137 6866
196 -2.4652320711697264 5.1201650230925981 30.453154029141267 44 36 15 0.4396432069180824 128 11044 137 6869
195 -3.131661869812834 6.7196689530997853 30.391234593590294 105 90 57 0.43900197534995339 128 11004 137 6815
194 -3.131661869812834 6.7196689530997853 30.391234593590294 105 90 57 0.43900197534995339 128 11003 137 6814
193 -3.4504228735767519 6.2789577868368118 30.484466474087199 54 48 36 0.68283089548990472 128 11002 137 6813
192 -2.6351687304033997 5.8610462321392678 30.451217146359053 49 41 20 0.04920182732970739 128 10997 137 6750
191 -3.3999430405337097 5.8428571992056124 30.541435380126352 36 27 12 0.12030887855359673 128 10996 137 6744
190 -3.0658834723198143 6.0597320446567036 30.502314194617135 187 178 141 0.041717138117969205 128 10933 137 6749
189 -2.3575106518834992 5.9788218493440475 30.412846026994856 60 49 31 1.4821560206569528 128 10932 137 6607
188 -2.1424958107657903 5.8216068566986232 30.491732430788065 54 45 30 0.02921270019781512 128 10930 137 6606
187 -2.4767779221459874 5.3570405461523301 30.501439330395524 43 32 14 0.54431606838787494 128 10924 137 6809
59 -2.5201322907999346 5.0359690642209678 30.491833438071485 32 21 5 0.65338271829254979 128 8867 137 3524
186 -2.2136470881976802 4.8543948045368275 30.466830637625613 54 47 28 2.2050927684566197 128 10916 137 6808
58 -1.9798115066062485 4.6871428658708272 30.392948049711887 218 209 176 0.40460982483226671 128 8822 137 5391
185 -2.1753957510710125 4.165136126580494 30.394317089765948 48 39 24 1.7200844043258425 128 10908 137 6805
41 -2.6897220356386642 5.9049414130473235 30.51307528098555 100 88 72 0.3764386937223374 128 7728 137 3693
69 -3.751604771141587 5.4598071559707746 30.444930858371347 121 107 81 0.44055100950734738 128 8941 137 4509
70 -5.2261112074801721 5.4963080325482538 30.317500505558339 62 50 26 0.75620946073957307 128 8950 137 4347
71 -4.889960951616632 5.5350028550573871 30.453671959119447 79 66 48 0.55731815202576818 128 8959 137 4385
72 -4.1090195166413244 5.5254570630477549 30.340346774697601 45 31 4 0.63034091254750535 128 8960 137 4471
73 -4.7703437400502757 5.5781886159181804 30.414282677306815 86 75 55 0.11528814989251865 128 8970 137 3322
74 -4.1733536238708222 5.5983080830334506 30.31365218047954 39 27 5 0.10043136941878333 128 8976 137 5303
75 -4.4532104587275665 5.6377036984514044 30.353321393894714 157 144 110 0.040431681735448428 128 8982 137 4445
76 -3.981592531045826 5.7256977368203588 30.461576427804101 34 24 6 0.73231022355391873 128 8993 137 3439
77 -3.0859081705461495 5.7573303309238959 30.540369862085157 33 25 6 0.27269288232310535 128 8998 137 4635
78 -2.0707299882057644 5.8375809602047299 30.417992741613872 67 54 35 0.096478001970643851 128 9014 137 4767
79 -4.9420928313304691 5.907527484422527 30.336279440949895 149 132 112 0.79841920479853457 128 9016 137 4436
80 -2.6453648292226539 5.9281842926888411 30.500364348149624 38 27 7 1.2951423634220292 128 9020 137 4716
81 -2.1148831050088228 5.9255265893881894 30.415471533871528 44 31 5 0.16039819241886466 128 9026 137 3763
82 -4.8186607888602904 5.9575683520007416 30.337513792972878 130 114 91 0.2946119860087254 128 9030 137 4452
83 -2.4836233771549314 6.089345696067471 30.43410092248963 135 126 95 0.41092806840375806 128 9048 137 4761
84 -3.3243076261778719 6.1490388687943858 30.528474473847087 45 29 6 0.34795875880994553 128 9054 137 4676
85 -2.8643556105326531 6.2113631657578212 30.412460773363357 39 26 9 0.31643171757365102 128 9063 137 4739
86 -4.0122250159146828 6.2649615608277358 30.378906472412002 82 68 43 0.52985513853058275 128 9072 137 4598
87 -3.2653233469568765 6.3292063603390298 30.51965032360409 224 218 196 0.062378832742223236 128 9083 137 4704
88 -3.2653233469568765 6.3292063603390298 30.51965032360409 224 218 196 0.062378832742223236 128 9084 137 4705
89 -2.7802149847163511 6.3609821554647414 30.451979286184645 50 43 19 0.38991544240493814 128 9090 137 5483
90 -4.4795050417090172 6.5295802242975887 30.451878489712723 98 79 49 0.35827857395763607 128 9113 137 4585
91 -2.5405658160893254 6.5118776240712819 30.379331164225359 120 99 76 0.085259868823308341 128 9116 137 3802
92 -2.5957187133467436 6.514393894406302 30.353096036775231 168 150 119 0.16762621184674376 128 9118 137 4791
93 -2.5957187133467436 6.514393894406302 30.353096036775231 168 150 119 0.16762621184674376 128 9119 137 4792
94 -2.6915075443948551 6.6480590780082052 30.417488668523426 92 75 56 0.14511550061758521 128 9125 137 4794
95 -2.2458038549937349 4.6533990533972549 30.398445185358671 44 35 13 0.47594497276560177 128 9684 137 5360
96 -2.3174049775525898 4.6733182443569365 30.432392905140127 90 80 55 0.29092201156177289 128 9685 137 5356
97 -2.0050176662629804 4.7380426450730004 30.387322811553055 75 61 34 1.1571872125779561 128 9690 137 5394
98 -2.3740443677572709 4.8696542774604099 30.445696201305989 46 38 17 0.8118855795453267 128 9708 137 5919
115 -4.0791046080682074 5.9674286983958575 30.326263199555996 234 231 216 0.10264878687234943 128 9826 137 5909
116 -4.3250375913019035 6.0396077250752711 30.226125675700548 181 167 130 0.39112379314842771 128 9837 137 5340
117 -3.0071461666080626 6.0874508651815571 30.502227419293092 233 228 205 0.011693657020404816 128 9842 137 5958
118 -2.4794283066509757 6.1854047501428742 30.374694757683653 158 144 112 0.6969672765632402 128 9848 137 5492
119 -2.4794283066509757 6.1854047501428742 30.374694757683653 158 144 112 0.6969672765632402 128 9849 137 5491
120 -2.9827990500339308 6.2515717474664898 30.525502902533734 46 33 14 1.1867385047379242 128 9854 137 5460
121 -2.8382754526146123 6.3604578399770455 30.405912991025691 157 146 101 2.5711857565484362 128 9868 137 5977
122 -3.4768269912741143 6.4407648279349594 30.402764685703342 52 40 16 0.44174458784212584 128 9873 137 5444
123 -2.6483975991552038 6.4846905870715483 30.343324409194395 89 76 50 1.0559920698366576 128 9878 137 5501
124 -4.3571657888429947 6.6149766435892152 30.496720928515163 97 81 49 0.27598085222465341 128 9889 137 5399
125 -2.1420333704747594 4.2354242383349252 30.351825305791714 53 45 24 0.60003585682761074 128 10199 137 5893
126 -2.1741811260249793 4.3854038613392818 30.396467962747916 55 48 29 0.055177280450434976 128 10208 137 6303
127 -2.728261360013807 4.6675123595716554 30.415650216315807 62 51 31 0.0027819537089649338 128 10220 137 6298
114 -5.0102671256986691 5.8546065271103789 30.301188841659144 161 146 117 0.36978022848285541 128 9810 137 5272
113 -2.932342994248196 5.7951847747572058 30.509521834682307 228 223 199 0.07871204574702606 128 9806 137 5423
112 -2.932342994248196 5.7951847747572058 30.509521834682307 228 223 199 0.07871204574702606 128 9805 137 5422
111 -3.9980216343323058 5.6281021213304827 30.417379858643031 35 20 0 0.36002710542609201 128 9793 137 4504
110 -3.3397013376020466 5.6097030784029975 30.423077830644189 218 218 187 0.1761363102914224 128 9791 137 5922
109 -4.4764857168932668 5.5918008333154035 30.348935524350836 54 42 19 0.25070230913328118 128 9789 137 4439
108 -4.7143925065472434 5.5773260428875036 30.415266102172538 50 39 17 0.56734285660081707 128 9786 137 5261
107 -4.9752614887005544 5.4840347903819193 30.392536263741274 39 31 10 0.25618768375009127 128 9776 137 4372
106 -5.3235550973809884 5.4755807200685442 30.290333690153314 46 31 11 0.49528405435349954 128 9775 137 4337
105 -5.2419362081371128 5.4240754321693565 30.237770284830159 202 191 146 0.056433971310354436 128 9770 137 5845
104 -3.6027933378831261 5.3474305235980673 30.467626591225056 41 30 8 0.16567957767650093 128 9757 137 5318
103 -4.1245434939707861 5.2934759562355671 30.490700345622638 89 74 55 0.28376685142800906 128 9751 137 4433
102 -5.4535540405096405 5.2375391072699253 30.304356407883255 146 126 93 0.3455163368178179 128 9747 137 5202
101 -2.139183269909164 5.1161235996583354 30.455511100921616 122 108 79 0.00703606540247316 128 9735 137 5418
100 -2.8415706931392264 5.0539612140638415 30.50866350480069 33 24 5 0.00099034227922452215 128 9729 137 5348
99 -5.5658674845229799 4.9170935370469806 30.359097968163887 116 104 82 0.46281941461300374 128 9714 137 5182
68 -2.3670751953960085 5.4311588552021011 30.423119471623018 79 69 44 0.51034589566916266 128 8939 137 5431
67 -3.5313439810556249 5.4444882445896905 30.434575765651317 102 91 69 0.093487432408212195 128 8937 137 4538
66 -4.8171318689843927 5.4406628111444846 30.396630611821916 42 31 12 0.58100004102820335 128 8935 137 4381
65 -2.6712886118848593 5.3270344925593438 30.513568398038451 196 185 158 0.23795172043040491 128 8914 137 4611
64 -4.4890080847172635 5.323507885541515 30.3661700163299 160 144 119 0.12915146472741093 128 8913 137 5259
63 -5.3539219112748304 5.3004658884533864 30.297116226458844 214 203 180 0.23869029543911779 128 8908 137 5213
62 -3.1784980256483055 5.3040129027848328 30.47417279355 51 42 13 0.78816869438378157 128 8905 137 4551
61 -2.2364826730279335 5.1447033600021053 30.472463357653069 40 32 11 0.10932909111678818 128 8887 137 4644
60 -2.33644577987332 5.0674007718756044 30.475803057333028 43 35 14 0.26781230996799971 128 8876 137 4613
29 -3.1555526939664316 6.6465491249275059 30.362670373035261 72 55 28 0.15622299746653504 128 6037 137 2615
156 -2.1821641455156966 4.666267543568388 30.416359591899901 153 144 108 0.95423628080015732 128 10537 137 6584
28 -3.1555526939664316 6.6465491249275059 30.362670373035261 72 55 28 0.15622299746653504 128 6036 137 2616
155 -2.0162202315564888 4.566427648724888 30.399693359475499 231 226 206 0.13580891578624388 128 10531 137 6318
139 -2.4051730731963614 5.5468875582674642 30.433692071165659 56 48 26 1.4733609200512507 128 10275 137 5953
12 -4.1837601496396157 5.2400550193287607 30.541743164384741 41 33 11 0.17527360851772497 128 5333 137 1170
140 -2.439393445631199 5.6257690380725887 30.435468170423977 218 213 189 0.025062053325622537 128 10280 137 5956
13 -2.7017029285996506 5.3069812541461125 30.56029147684103 28 16 0 0.56452172530316869 128 5382 137 3548
141 -2.439393445631199 5.6257690380725887 30.435468170423977 218 213 189 0.025062053325622537 128 10281 137 5957
14 -4.4477659224994399 5.5908976302801179 30.367142537680557 39 25 0 0.2805074071309035 128 5506 137 1187
142 -2.7978418163014855 5.847811959457867 30.508450052746309 126 110 76 1.329154759216912 128 10287 137 6348
15 -2.473294171498738 5.5863956899374463 30.429153039165975 59 46 20 0.21050975363742241 128 5508 137 3666
143 -2.0524087412933225 5.889147242095258 30.408431386654886 235 228 209 0.0078048193647149086 128 10291 137 6363
16 -2.7440377955904687 5.6201659391054726 30.548963355339183 99 88 68 0.47879804529898651 128 5519 137 3626
144 -2.191482987524362 5.9810234859615852 30.516934302964774 48 36 10 0.77117419281248423 128 10297 137 6361
17 -3.4915450352166415 5.7447161757258902 30.411625643307971 33 18 0 0.2296219459419111 128 5590 137 3511
145 -3.180813789967381 6.0304381069821043 30.516533358478849 59 48 26 1.2207123941457443 128 10302 137 5427
18 -4.4414761925948323 5.8077503632203058 30.401310139801666 33 23 3 0.23862719648417524 128 5617 137 2242
146 -3.3156386808701277 6.2349521928803782 30.556280817202143 233 229 218 0.22293071158650146 128 10307 137 6346
19 -2.4792319242633818 5.8090943513476203 30.470934869440097 126 114 90 0.043700152717953439 128 5623 137 2543
147 -3.3156386808701277 6.2349521928803782 30.556280817202143 233 229 218 0.22293071158650146 128 10308 137 6345
20 -5.1520272435976393 5.8242750413110196 30.367184657568913 39 29 3 0.029605187847719525 128 5629 137 1158
148 -2.4799161096521476 6.3585429407336935 30.350195863787317 236 236 228 0.1359501236837749 128 10317 137 5994
21 -2.1579881600189577 5.9464785728943141 30.436779795104954 123 111 89 0.03011900766899785 128 5709 137 2621
149 -4.3464431218813289 6.3991406921362017 30.404402118349964 84 68 43 0.39802119329315111 128 10318 137 5372
22 -2.9778180979096347 6.0167903991252221 30.535695621271227 117 102 81 0.030702530458818961 128 5734 137 3673
150 -3.6504206732201392 6.4140136215946288 30.391775118051999 55 43 31 0.48932788552517648 128 10320 137 5948
23 -3.0358129217191201 6.0483953069250163 30.48392400955537 140 131 92 0.13128024672905236 128 5749 137 2497
151 -3.3164694543791069 6.4921798986102939 30.456611226851564 62 51 35 0.47969250931243007 128 10322 137 5965
24 -3.0358129217191201 6.0483953069250163 30.48392400955537 140 131 92 0.13128024672905236 128 5750 137 2498
152 -2.873174961361753 6.5789062372488791 30.318417595378889 160 146 107 0.54732307002535907 128 10327 137 5991
25 -5.0084544409404659 6.1005102714915482 30.327745567494343 110 92 54 0.07588231339942933 128 5789 137 2218
153 -2.0997561202673798 4.3197449534719388 30.402223433933894 237 231 215 0.23473452055923461 128 10525 137 6301
26 -3.5418724786942564 6.1331792224991464 30.300788487954087 55 43 27 0.021779048292622966 128 5811 137 2441
154 -2.0997561202673798 4.3197449534719388 30.402223433933894 237 231 215 0.23473452055923461 128 10526 137 6302
27 -4.121776277171044 6.2290331546578823 30.329652532769561 128 114 91 0.18056591507587427 128 5848 137 3518
157 -2.0952897812171321 4.8852550851035224 30.396795186732277 42 34 13 1.1492679900448266 128 10543 137 6329
30 -3.0309100768899424 6.7734647974297237 30.399514338638809 126 112 86 0.36390818332960978 128 6077 137 2655
158 -2.1288439869186888 5.2165625506921156 30.452400311586189 54 47 31 0.42362418432637389 128 10551 137 6342
31 -1.2231913568181345 0.64450004506714609 25.264588233773164 86 96 85 0.5684794868452574 128 6821 137 3100
159 -1.9668557271041764 5.531847487623172 30.439055484543488 58 47 27 2.3851405567005362 128 10555 137 6603
32 -2.4521750248862917 3.7103506740707015 30.218310743751601 159 149 113 0.1012034969634798 128 7168 137 3307
160 -4.6091080549535084 5.6001714857118428 30.388093647931118 30 21 4 0.19851040711928861 128 10557 137 5871
33 -2.2366938744638816 4.3710854941124992 30.387006982781877 154 145 116 0.36994658454238716 128 7326 137 4518
161 -3.8757219061051278 5.782498571242642 30.51106876945267 225 221 210 0.02203128584241338 128 10561 137 6577
34 -2.328735608419553 4.9485758932971038 30.437168269254606 36 28 7 0.10328272987067999 128 7474 137 4591
162 -4.903825953333115 6.078550008642531 30.342664800539772 61 49 23 0.27393000252685906 128 10570 137 6561
35 -4.6509794633051733 4.9922952929847009 30.425588421309918 173 163 136 0.15056004715393692 128 7482 137 4335
163 -2.6520444212829641 6.1020851237866562 30.488451794782808 34 27 8 0.51187074015754097 128 10572 137 6356
36 -3.1269350792538071 5.0104806042367773 30.366269035239466 194 183 155 0.22229443616412947 128 7488 137 3426
164 -3.1744763436962367 6.1320873234851891 30.515626475184156 43 35 14 0.29488464601880171 128 10574 137 6347
37 -5.2510663332145153 5.3019661169390924 30.246732385849306 161 149 126 0.18541927889979551 128 7576 137 3238
165 -3.1090087277091527 6.2097333663491163 30.510646481731808 159 143 98 0.24527677951549248 128 10578 137 6351
38 -4.0143002619537187 5.3626543180032211 30.51608765577479 202 196 177 0.052162770088792471 128 7589 137 4450
166 -3.1090087277091527 6.2097333663491163 30.510646481731808 159 143 98 0.24527677951549248 128 10579 137 6352
39 -4.1408101888418294 5.5714258260003771 30.356008097783342 135 119 94 1.0866356653925404 128 7638 137 4476
167 -3.2169411584170762 6.2616864117827786 30.523990946439252 44 36 15 1.0744333568758699 128 10582 137 6350
40 -3.3487342058795448 5.7264276669879086 30.420712629006282 43 35 12 0.32249066977045182 128 7680 137 3531
168 -2.8751457431507581 6.4408841305495743 30.441619147938567 61 50 28 0.53134673639258667 128 10590 137 6359
