# 3D point list with one line of data per point:
#   POINT3D_ID, X, Y, Z, R, G, B, ERROR, TRACK[] as (IMAGE_ID, POINT2D_IDX)
# Number of points: 154, mean track length: 3.7337662337662336
100 -0.72381241170045107 5.8012543364602482 31.097178973864665 90 96 101 0.45938028367885581 93 9254 109 4788 92 9370 96 9792
99 -0.40168698712524364 4.9974386733580509 31.275586707247214 91 114 108 0.36417909495100131 93 9206 109 4754
98 0.29158503609123926 4.7410222518709455 31.656740529489515 117 153 128 0.45113271256970977 93 9189 109 4801 92 9305
97 -0.61777329286753924 4.55722237793643 31.135507423871026 121 137 137 0.17283088494442989 93 9174 109 4701 92 9294 96 9720
96 -0.61777329286753924 4.55722237793643 31.135507423871026 121 137 137 0.17283088494442989 93 9173 109 4700 92 9293 96 9719
95 -1.498532415977875 4.4614664827701649 30.932614194001978 131 135 146 0.19917771709204027 93 9163 109 4623 92 9284 96 9705
94 -1.3696002890189676 1.8546734705360388 32.861553473331938 213 200 217 0.3885740115882762 93 8982 109 4497 92 9083 96 9509
93 2.42836789324177 1.0726144736832237 31.981221180731477 202 194 207 0.42071904767720963 93 8926 109 5673 92 8132 96 8611
92 -0.63054238677846486 0.91246273992116989 30.635066749604196 206 188 202 0.37333992542323702 93 8912 109 4472 92 9008 96 9457
91 1.6186973822092003 0.54566873727112897 32.39692808413276 214 197 220 0.61075847432400476 93 8892 109 5227 92 8993 96 9446
90 3.8258057848793809 0.37902621917264318 32.994697092316123 97 124 103 0.43185617209024985 93 8882 109 5350 92 8984 96 9440
89 3.113130490499052 0.37285376678154347 33.011044663190852 206 194 212 0.38638932882316485 93 8881 109 4717 92 8055 96 9438
88 3.7231296404979561 0.33046570102907286 32.945440694647388 208 193 218 0.5047671984452653 93 8878 109 4773 92 8979
87 3.7930680190147803 0.26862261727800313 33.103903112009718 204 183 210 0.4737552865340301 93 8874 109 5345 92 8978 96 9431
86 3.5866660395749945 0.26262811630254046 33.087570671698877 225 216 232 0.42616028026726699 93 8873 109 4755 92 8977 96 9428
85 3.6417265789795636 0.14758645594258782 33.215207799141908 217 206 223 0.3918794327797761 93 8868 109 4753 92 8972
84 1.8689247525757684 0.11738433663973522 32.350671115640715 206 185 210 0.55318076422056828 93 8865 109 5221 92 8963 96 9414
83 2.0358116399996549 -0.051674209811476267 32.417771537518938 211 186 215 0.20219851800965741 93 8848 109 5223 92 8948 96 9405
82 3.1851529617560215 -0.80226758338864446 34.583500070135898 135 159 163 0.17805876274778251 93 8823 109 4653 92 8922 96 9384
81 2.7398790063394363 -0.8478749838610099 34.705125849844208 136 161 160 0.61242589449499363 93 8821 109 4615 92 8920 96 8451
80 3.0125595665434215 -0.94260237784704914 34.624613990037723 119 136 146 0.56361814606253702 93 8815 109 4629 92 8915 96 9376
79 3.0125595665434215 -0.94260237784704914 34.624613990037723 119 136 146 0.56361814606253702 93 8814 109 4628 92 8914 96 9375
78 2.9269646002510763 -1.0020127685983855 34.699367992374214 215 201 226 0.2069956371139523 93 8811 109 4618 92 8911 96 9371
77 2.7355878722649201 -1.3413075577472742 34.89278285377268 202 187 208 0.63714294708227937 93 8799 109 5206 92 8897 96 9357
76 -0.25726838951635644 -1.8947469649578352 32.956080790477024 223 211 227 0.19880407537966244 93 8778 109 5064 92 8881 96 9335
75 -1.629209839838875 6.2678497059879659 30.691475129559198 229 239 241 0.2801762068146218 93 8620 109 3023 92 7604 96 8106
74 3.0865144514234513 4.9689552786526443 31.26436512200662 204 203 219 0.04574096997698008 93 8492 109 4985 92 8589
19 -1.1186842124824932 0.40351864754268718 31.11750884562603 156 164 163 0.19147710023552561 93 3744 109 2421 92 3838 96 389
146 2.7284614097758069 5.1761357236257126 31.073307291229884 206 199 217 0.39403020454746512 93 10016 109 5781 92 10104 96 10517
18 1.5616529431412034 0.23231349303412749 32.172299011760721 100 115 93 0.42002317564922054 93 3710 109 1624 92 3795 96 4443
145 -0.59160218595916914 4.9365969803927259 31.13113126946741 224 210 236 0.14574584283027736 93 10011 109 5685 92 10100 96 10234
17 -2.2586719046094261 0.14608210235757346 32.018052747036812 118 104 121 0.25065916385821058 93 3676 109 2267 92 6405 96 6947
144 -1.0543031737707242 4.8548575748731739 31.004211621984727 227 210 235 0.16139426519265904 93 10008 109 5657 92 10097 96 10510
16 -2.1867285331568445 -0.20961704815065402 32.328495169333799 194 184 193 0.24607840277233253 93 3576 109 2246 92 3679 96 4270
143 -0.54885215238978302 4.7827470120914803 31.174860125349198 67 97 82 0.23799141244773447 93 10007 109 5681 92 10096 96 10508
15 2.7578385927303835 -0.75368723274572313 34.716591921054338 187 203 207 0.42930455568298714 93 3531 109 1684 92 3624
142 -1.1218767433220866 4.7224129993776982 31.098945197967669 127 158 150 1.0481513541165126 93 10004 109 5644 92 10093 96 10504
41 1.3161765089024164 0.78079199955011425 32.28753393525384 185 181 180 0.4528727569016669 93 6384 109 2822 92 6526 96 8577
40 -1.2258427293844767 0.68169114717453716 30.760470612258995 223 211 228 0.18121448078734428 93 6349 109 3509 92 6497
39 1.5270915835822563 0.50839363420419814 32.255857716638602 87 86 92 0.72739781929065273 93 6336 109 3830 92 6483 96 8539 92 8066
56 2.9977784017143279 -0.74896310602518457 34.64272470106858 92 104 116 0.52551782840663119 93 7857 109 3888 92 7991 96 8456
115 -2.7123630222132649 0.4291997307254074 31.935422832657515 147 148 156 0.47878153356404329 93 9478 109 5048 92 9587 96 9993
57 1.7375974601425497 0.07573114749822947 32.238893821578145 88 98 97 0.75917017798539066 93 7888 109 3808 92 6389 96 8493
116 3.2160992020329107 0.36008081398231939 33.024782774055396 136 171 135 0.56959810697591118 93 9481 109 5314 92 8982 96 9436
58 -1.213209207369176 0.25300584662429776 31.197300085085793 213 211 217 0.15358587913906652 93 7896 109 4382
117 1.398149327559207 0.4620025650430773 32.184508490566323 75 111 65 0.45829202370807032 93 9485 109 5208 92 9591 96 10002
118 1.374541296226653 0.58570558536250461 32.276855459654548 206 182 205 0.23342100676594571 93 9494 109 5212 92 9607 96 10010
119 1.374541296226653 0.58570558536250461 32.276855459654548 206 182 205 0.23342100676594571 93 9495 109 5213 92 9608 96 10011
120 -0.99375752923274008 1.7635866812975389 32.722341188195742 84 105 85 0.34924394606937753 93 9545 109 4509 92 9657 96 9505
121 -0.31183198489725339 4.1224378381144033 31.296531737279242 88 110 98 0.3503403279371316 93 9658 109 5287 92 9770
122 -1.2612762303525196 4.4815637279270719 30.933786185054807 235 215 235 0.37291089969658842 93 9674 109 4645 92 9790
123 -0.96803685627335967 4.575091291232857 31.01076515540236 229 212 235 0.47058667827255418 93 9680 109 4672 92 9298 96 9721
124 -3.5308464411471205 4.6804814762012414 32.078736181609024 209 196 213 0.69053484763417583 93 9682 109 5566 92 9800 96 10207
37 -2.4113502011824091 0.43235525094624594 31.861526800442935 139 136 143 0.39619914702737247 93 6314 109 3397 92 6459 96 7003
125 -0.091886518917783586 4.6371521825503486 31.437962264655109 110 148 112 0.71796756147432017 93 9684 109 5332 92 9798 96 10218
38 -0.59992001136414752 0.61811568563005026 30.918744397451501 128 128 130 0.34990937803501093 93 6334 109 3589 92 3902 96 4501
126 -1.2961796303941902 4.7002099744585699 30.936792457039427 226 208 230 0.20687991476451734 93 9686 109 5261 92 9802 96 10220
127 -0.39062554630018165 4.7583331442983035 31.280144390124271 87 121 97 0.59301124196743527 93 9688 109 5319 92 9804
55 0.13550429538662781 -0.89369229065390543 32.332492723471837 212 198 221 0.91289046074779368 93 7835 109 3529 92 6283
114 1.908880958708226 0.33463762577208134 32.507459062264189 203 185 211 0.58322143175245489 93 9474 109 5607 92 9582 96 9998
54 -0.51790088609787932 -1.8897734206578771 32.765569760035184 135 142 146 0.46044723518815589 93 7786 109 4319 92 7910 96 8377
113 -0.69796597126527749 0.30801567695273213 31.269230168739789 211 189 212 0.1607727332725577 93 9467 109 5834 92 9576 96 9986
53 -0.65604884579696732 -2.2199300550548533 32.949498937778834 94 122 109 0.76869867382797064 93 7783 109 4306 92 6204 96 8373
112 -1.4729661970886201 0.16664274142928556 31.450322372831138 202 185 204 0.64255471127862929 93 9461 109 5528 92 9567 96 9977
52 -0.52783759517581441 6.2884158719518268 31.001241888860708 102 106 118 0.46194531668914141 93 7470 109 3124 92 7599 96 8112
111 3.0848556430584648 -0.8468817647657364 34.664262812861793 223 203 230 0.33756892114654158 93 9441 109 5250 92 9543 96 9959
51 -0.64979470511921877 5.8843738504630414 31.116191501594461 100 92 115 0.61656873857502958 93 7395 109 3087 92 7526 96 8041
110 2.7557988108814757 -1.13624438665399 34.76169596276096 208 195 215 0.46321031000521312 93 9431 109 4602 92 8906 96 9949
50 -1.3241882039119814 5.4156067363984617 30.909101174039066 223 218 238 0.42478821450675253 93 7297 109 2979 92 7424 96 7960
109 0.225920912532662 -1.6878375149046567 33.139148522199996 222 207 231 1.4294210528956623 93 9415 109 5089 96 9341
49 3.242323574156301 4.823604455813979 31.393621329565683 108 117 114 0.21685822210373409 93 7197 109 4989 92 7310 96 7880
108 -0.15267055863008061 -1.9270945032311588 33.023511992056441 21 21 33 0.66848127859551754 93 9413 109 5525 92 9525 96 9934
48 0.19973499682508208 4.6318203059875103 31.609683140539278 192 215 199 0.13233118860221865 93 7148 109 3065 92 7262 96 5896
107 -1.6319384385453901 6.5278352101274901 30.66983218252803 223 211 235 0.65219912827661675 93 9314 109 4756 92 9428 96 9849
47 -1.5725592395615458 3.5125363392902229 29.986146261606034 188 200 180 0.37446087363135222 93 6883 109 2738 92 7014
106 -0.90167605789369487 6.433895472884803 30.771498733914214 100 115 117 0.12976522286978295 93 9306 109 4814 92 9420 96 9840
46 0.21842661476250425 3.3196752566976597 30.447354294829754 139 142 154 0.095842022172745678 93 6841 109 2934 92 6971 96 7539
105 -0.68137992093216115 6.372322486369983 30.90321461463337 230 216 238 0.32299466358014672 93 9300 109 5370 92 9415 96 9186
45 -4.3705206112421413 2.0483598574124966 33.95909960795791 173 154 148 0.62656263957174174 93 6631 109 3396 92 4353 96 7290
104 -0.68137992093216115 6.372322486369983 30.90321461463337 230 216 238 0.32299466358014672 93 9299 109 5369 92 9414 96 9185
44 3.6566754438517424 1.4258070061178731 31.852571305708906 200 189 205 0.25115290847023064 93 6488 109 3134
103 -1.7943017442223501 6.3187369423479582 30.767594858800713 230 221 236 0.76491491425553493 93 9295 109 4733 92 9413 96 9834
43 -1.9999298838107835 1.2812005191729041 31.530993742878174 161 165 169 0.34401751855329488 93 6460 109 2419
102 -1.7943017442223501 6.3187369423479582 30.767594858800713 230 221 236 0.76491491425553493 93 9294 109 4732 92 9412 96 9833
42 -1.0642056771477761 1.0568617244901619 30.434318998061588 136 141 135 0.34309930735981203 93 6408 109 2501 92 4032 96 7099
101 -0.72381241170045107 5.8012543364602482 31.097178973864665 90 96 101 0.45938028367885581 93 9255 109 4787 92 9371 96 9793
59 -1.0516462226633096 0.27693742174666947 31.244689002632672 211 209 220 0.32754435866939507 93 7905 109 4398 92 8034 96 8495
147 -0.89276506496604835 5.9453198557433762 30.980908531906046 113 143 127 0.72020406998129127 93 10030 109 5708 92 10121 96 10531
20 1.5340613779660532 0.31707188154289379 32.186864364299446 86 107 90 0.69183840891319304 93 3745 109 1629 92 3832 96 4471
30 1.0405897500268539 -0.92315452794257569 32.25402593131691 230 216 242 0.44213907218956644 93 6148 109 2586 92 6277 96 6845
148 -2.0247717019476439 6.3679868361182539 30.825339288841363 227 205 233 0.34479751626337168 93 10038 109 5674 92 10285 96 10534
21 -1.482771008754378 0.46102695952564954 30.954699085468139 114 116 118 0.49021338967802247 93 3763 109 1201 92 478
31 -2.2376648370865317 -0.85167097631798461 35.030966159395454 200 182 172 0.037697063334445849 93 6176 109 3366
149 1.3564734448251869 0.24336503850267013 32.141196134749634 231 216 237 0.55933555217398601 93 10096 109 5867 92 10178 96 10586
22 -1.3918778208632114 0.58220252823933771 30.855668449825139 163 148 169 0.29093910870795114 93 3808 109 2389 92 3892 96 4481
32 3.1881297050051067 -0.68782327186310677 34.548355361346367 149 150 169 0.21282868813104722 93 6189 109 2900 92 6318 96 6890
150 -4.22195911663791 0.10839354050382065 34.8063471890447 0 0 0 0.61551164919115653 93 10100 109 2201 92 10180
23 -1.226345787074625 0.73945557545927432 30.707049273548833 180 163 183 0.13962196607804495 93 3840 109 2453 92 3929 96 4518
33 2.0563337246360209 -0.15709671959542468 32.419809214986564 77 78 86 0.56794464145363044 93 6221 109 3821 92 6350 96 6931
151 -4.9436015595017482 4.4061456938909709 31.776810744148062 214 199 221 0.36190157677058149 93 10154 109 5829 92 10251 96 10640
24 1.3742679159014568 0.89031646060981517 32.365728930482788 172 184 172 0.42898799730684295 93 3925 109 1673 92 4017
34 -2.3028392847571237 -0.094323721129033838 32.237500241146002 223 199 221 0.47930153212301974 93 6228 109 3369 92 6361 96 6911
152 -2.1452839422418037 6.2865234059199091 30.899019731932807 209 189 216 0.65527282800094644 93 10267 109 5904 92 10355 96 10765
25 -0.90065588803528696 2.5954490665117937 32.009895559167518 179 179 184 0.64718464309640522 93 4386 109 1562 92 4501 96 5114
35 1.843659053706407 0.2426557632699359 32.362337494749205 90 86 96 0.20465266452602271 93 6284 109 3837 92 6426 96 7002
153 2.114495914994508 4.3434684966777759 31.137935490293582 215 232 225 0.34380264425369056 93 10314 109 6181 92 10405 96 10815
26 -0.042692558932202272 4.8279975594494857 31.464356149059899 169 156 174 0.8303577286647662 93 5182 109 1894 96 5972
36 -0.98166242909049517 0.38713219519149045 31.142592837032907 210 194 215 0.24021922026208706 93 6292 109 3513 96 6988
154 0.058992733252633579 6.5549555861880666 24.265260837896445 147 145 155 0.39939735529375064 92 7709 96 8203
27 -0.70040960698795751 5.7366730577792566 31.108023180253042 236 221 243 0.24711283771285175 93 5456 109 1899 92 5551 96 3199
141 -0.47465945554459898 4.6399230016456734 31.264588841046987 210 200 227 0.73489556755009722 93 10001 109 5908 92 10086 96 10219
14 2.141796452233296 -1.4895578624247365 34.139231765121828 108 98 113 0.55053043865936979 93 3449 109 2704 92 3535
140 2.3353860866271288 4.5970152078735351 31.099584717616775 214 228 237 0.28944020308360185 93 9998 109 5763 92 10082 96 10506
13 0.33973087542403341 -1.4463885593165717 32.939687716670655 147 132 149 0.35231691924112929 93 3428 109 2429 92 3519 96 4161
139 -1.348517615346944 4.4497832026630428 30.911940833270833 232 211 237 0.29143056126754791 93 9991 109 5620 92 10078
12 0.3860194757011578 -1.7950231190347741 33.161227386777362 118 107 123 0.31040459541126941 93 3385 109 1216 92 3480 96 4139
138 -0.68047522508611225 4.405189448990579 31.109293028398913 206 188 212 0.33709344970114485 93 9985 109 5658 92 10074 96 10491
11 0.31937029937761369 -1.7931842523179575 33.139865495458508 196 174 201 0.52689769725280011 93 3384 109 1211 92 33 96 4138
137 -0.44637397512248239 4.2497593151633017 31.232952915136035 212 192 220 0.20856220833450437 93 9981 109 5903 92 10069 96 10489
10 -0.71468647549613995 4.3666767797341599 31.097508810859519 192 172 198 0.56442385839379616 93 1992 109 1770 92 2101 96 2399
136 1.1473960007512236 0.38187020075209571 32.0953776947322 106 143 110 0.35879456707556201 93 9867 109 5587 92 9976 96 10392
9 -0.46776033293185088 0.55962723362275846 31.048972710872935 159 146 162 0.86494313530966971 93 470 109 1348
135 3.1062507378605209 0.24137308881282579 33.141439740517733 195 178 197 0.17644067082581022 93 9865 109 5675 92 9971 96 10393
8 -0.9908970793350792 0.44649917981919085 31.055266530489568 89 69 94 0.069216430575592625 93 427 109 1261 92 477 96 401
134 3.3060789318632962 -0.83725425855547508 34.587999312411497 156 171 178 1.4958298999008037 93 9849 109 5636 92 9956 96 10372
7 -0.59211588696962225 0.26328007152174521 31.337565202024766 164 156 167 0.53133203868195467 93 371 109 1310 92 426 96 347
133 2.9018093858146772 -0.84739295627802935 34.663872792213375 217 204 230 0.2176802342017381 93 9848 109 5615 92 9955
6 -0.78012872458344917 0.2622414520874089 31.313934022444425 145 144 154 0.58546176723216981 93 369 109 2470 92 423 96 346
132 -0.43709458736262535 -2.0751905905482291 32.90097239829381 35 35 45 0.13200627773496992 93 9831 109 5817 92 9939 96 10357
5 -0.61647468766292091 0.1974756827793257 31.407741282259725 40 30 46 0.31790837347338563 93 357 109 1295 92 408 96 324
131 -1.5681973532916411 6.3868929507735821 30.694406515263726 138 159 164 0.55748466903985561 93 9762 109 5328 92 9870 96 10536
4 -0.61647468766292091 0.1974756827793257 31.407741282259725 40 30 46 0.31790837347338563 93 356 109 1294 92 407 96 323
130 -1.5681973532916411 6.3868929507735821 30.694406515263726 138 159 164 0.55748466903985561 93 9761 109 5327 92 9869 96 10535
3 1.2603447195711013 0.13534651827250682 32.073924073535899 158 159 171 0.44459783980080853 93 353 109 1560 92 405 96 348
129 -0.98624456323376108 6.3388262241592752 30.72809334269844 237 225 246 0.25168988613195892 93 9758 109 5717 92 9866 96 10285
2 -1.1928268119895817 0.043651084174806933 31.547711953288747 148 139 150 0.19592238801306841 93 303 109 1203 92 352 96 259
128 -0.45117364186569459 4.8913160335364649 31.259709444244852 199 191 206 0.20643676629451033 93 9695 109 5320 92 9811 96 10231
1 -2.1875775945000018 -0.82783401514470822 34.996290696122124 133 109 95 0.15572380393037369 93 172 109 42
28 -0.38808403126524771 6.2535761327262449 31.138876912408019 223 210 228 0.57784634712451022 93 5589 109 3129 92 5680
29 2.0857702990525957 -1.6666389614768846 34.287581760417332 198 164 191 0.8500940355806883 93 6107 109 3700 92 6236 96 4165
60 3.3952602150412399 0.16181076883730455 33.159227541852516 141 157 154 0.51443670070101932 93 7910 109 3980 92 8038 96 8513
61 2.1073199750783029 0.35685018955460429 32.689895592454057 207 194 211 0.3506268113154597 93 7926 109 5247 92 8050 96 8528
62 3.8492882630355525 0.47494275064196501 32.880985975446499 191 192 194 0.53147237204786013 93 7936 109 4797 92 8064 96 8544
63 3.1225737723645115 0.55482201348162186 32.885200607156413 220 204 226 0.47356190237746393 93 7952 109 3987 92 8080 96 8558
64 1.5744230593811155 0.63399861883032149 32.390566536120716 82 83 90 0.33851870778541149 93 7964 109 3846 92 8089 96 8557
65 -0.84552946069401991 1.6668353429918321 32.698578411937469 87 88 84 0.23505379215874261 93 8058 109 2658 92 8179 96 8663
66 1.9486242052661999 2.1556991677064463 29.906710389613242 40 32 56 0.22187267610840125 93 8097 109 3993 92 8213 96 9536
67 -0.79080326517410937 2.3329400759785548 32.088185964115482 229 225 239 0.27974286649924351 93 8137 109 3750
68 -1.4904334337520391 3.3763415262362413 30.057866644352529 193 218 177 0.573103802625063 93 8249 109 4547 92 8365 96 8832
69 -0.39578043640932847 4.1970781897548743 31.267858694796988 212 201 215 0.3401659215671472 93 8368 109 4693 92 9263 96 8942
70 -0.11242314899040219 4.3008277748784005 31.396840887837755 201 192 206 0.47829914656677991 93 8380 109 4727
71 -1.0657133390977842 4.4000264031485239 30.998344138695767 228 214 231 0.6270998215848349 93 8402 109 3910 92 8507 96 8974
72 -0.72649285535925678 4.4464186465369639 31.108182210847755 226 214 228 0.51100797314942714 93 8418 109 3938 92 7229
73 -1.4691375952309866 4.5566507626391042 30.879730177764909 217 204 221 0.094256796847473873 93 8437 109 4630 92 8540 96 8991
