# 3D point list with one line of data per point:
#   POINT3D_ID, X, Y, Z, R, G, B, ERROR, TRACK[] as (IMAGE_ID, POINT2D_IDX)
# Number of points: 259, mean track length: 2.6293436293436292
984 -5.0054583571630475 -10.727662899425811 31.642687256563686 185 203 119 0.58878194475515078 5 5713 12 6663 3 4539
982 -4.7757868536596826 -10.876442989209114 31.499662345919756 182 195 116 0.27615984582428355 12 6110 3 4534
12 -5.8486411861528795 -0.3113751536470844 34.411257748620621 87 81 48 0.41077502181122511 5 1375 12 4707 3 906
15 -3.8978445783561946 -10.941914705655291 31.30370146527169 148 160 87 0.16928992870285056 5 1790 12 1833 3 1194
13 -0.58626209513580685 0.79418295240541004 31.536524908414485 175 137 93 0.50058962934795614 5 1551 12 3476 3 3535
16 -3.471278850732443 -10.759838494371785 31.360735577309747 216 232 144 0.13481362303784949 5 1830 12 3767
506 -0.14483888641077472 6.7756049280198445 35.049043733537722 217 201 190 0.025488674044227284 12 5112 3 2437
125 -0.10786825659100724 2.5361880242777559 32.981290911070154 171 123 76 1.0550881650347697 5 6091 12 6948 3 4945
112 -1.7312697881226558 7.5614976353840673 34.350454941940463 208 183 158 0.34443366659529978 5 5675 12 6079 3 4481
268 -0.097927034477313005 6.7880826265859664 35.005350803062449 171 155 139 0.32711279378191321 12 3650 3 1085
11 -2.2812247470442295 -0.73949831893422346 34.151857626588949 49 37 21 0.18729975495285289 5 1306 12 1513
782 -3.8776710895240663 -11.059047085812173 31.288597447532943 225 238 182 0.35390054266829396 12 5182 3 3733
14 -1.6723786335985864 7.4469655309332961 34.296986471588482 217 196 174 0.069744158889079727 5 1687 12 1756
776 -1.7994207899217378 7.1676772721284641 34.123832010072974 176 145 115 0.64550710575547932 5 4839 12 6643 3 3677
519 -3.9736984315301962 -10.924308710672829 31.298424667122674 169 184 103 0.58336322510436256 12 1832 3 2564
5 -1.1903965827766063 -3.3316441162687749 39.571537337194044 161 158 145 0.083313715127501256 5 853 12 892 3 500
269 -1.7113014935410484 7.14252571305801 34.091510096325393 184 163 135 0.43881250785668408 5 1675 12 3630 3 1099
1351 -3.631945525089268 1.8070384044326082 30.845510105636446 203 167 118 0.24063546004409156 5 6596 12 7382 3 5545
81 -1.8182920906424871 7.3323333437547271 34.189184827085967 153 139 122 0.51955612606217105 5 4856 12 6070 3 3692
852 -0.55387758468993531 -4.2866115102494406 38.264535039498739 55 52 47 0.26223919071302221 5 5227 12 5551 3 4052
510 -2.7659944944532477 7.5624796873878912 34.053562677354279 188 167 150 0.068915437471130714 12 5116 3 2482
1051 -0.73173749973088453 -3.6759749579338394 38.823837195000166 91 86 80 0.17715062586886646 5 5259 12 5596 3 4745
23 -5.000541232091857 -3.9667122201110319 32.442670226148174 109 124 29 0.011187221891071811 5 2408 12 4208
113 -3.3929428772047769 7.6840705860477216 34.164114699290934 230 218 195 0.11380227761130045 5 5676 12 6050 3 4478
270 -2.6158359162650586 7.6197354712322483 34.113368818280719 197 175 157 0.042518547925762235 12 3670 3 1123
1352 -3.631945525089268 1.8070384044326082 30.845510105636446 203 167 118 0.24063546004409156 5 6597 12 7383 3 5546
67 -5.7421114303865153 1.348864501741861 30.499330620861269 212 170 121 0.20181368263810751 5 4687 12 4952 3 3541
82 -4.2326351910358184 7.5785696809316816 34.275015226294833 195 159 124 0.38780717643508655 5 4858 12 6036
511 -3.2482668103139671 7.6410103421276405 34.100252787059866 174 147 126 0.12580195076993747 5 3490 12 3625 3 2484
126 -6.217906708403075 3.2362932214218461 31.929358896295735 172 120 63 0.85241906049422322 5 6092 12 4999 3 4947
120 -0.048085274069136923 -3.9887586689381411 37.821475439279929 56 52 53 1.0165449888336588 5 5897 12 6318 3 4736
116 -2.4159624379581564 8.8868009548961791 39.779212124579644 217 194 173 0.54644488339733055 5 5684 12 3688
514 -3.9239414682045552 7.9154424736964168 34.405529350918052 176 143 116 0.33456290790470067 12 1733 3 2508
85 -3.19092952104848 7.688528263394165 34.151654019501471 181 157 135 0.55758154130850079 5 4875 12 6058 3 3701
856 -0.54736138862382155 -4.1377220511388932 38.404418779752042 51 50 44 0.30822692819997061 5 5895 12 5561 3 4059
1355 -6.1934713450348733 3.4435296222764067 32.082412643544394 198 153 98 1.4729912162157315 12 6598 3 5552
70 -0.18523700847694524 2.934763008564568 33.210916460151886 179 136 94 0.058218238847519053 5 4740 12 5992
1340 -2.1730831657439578 0.2109905819292876 30.322771695919176 195 146 86 0.60516907492551741 5 6577 12 7196 3 5524
1597 -1.9786147164139578 7.022631748524053 34.02344618434941 186 142 98 2.151715606693053 5 7060 12 7736 3 6007
55 -0.72643512185238779 -5.3010576454810669 31.00820418271492 71 88 37 0.59934442940727495 5 3933 12 4144
1137 -5.2625365363004013 5.9691988598179933 33.587850862341647 192 165 144 0.17845103073068802 12 6615 3 4960
109 -2.5307622455418577 7.5516500293895739 34.063106322327371 222 209 185 0.44810293513265237 5 5672 12 6647 3 4477
503 -5.1790471163663945 5.8110269301038535 33.463940484822842 179 142 89 0.35696842837297599 12 3554 3 2384
1274 -3.8755290658867252 7.5066922051408742 34.150528580978616 176 129 81 0.75163768655622454 5 6122 12 6966 3 5347
1444 -5.9102816262035383 3.6659725337795255 32.118713973846226 168 113 58 0.3984950462464078 5 6761 12 7211 3 5715
159 -2.4290369444288209 9.7685836429823674 25.633463795116228 93 130 208 0.15729852322758475 5 6775 12 7398
512 -3.0063762137774841 7.6342680820607631 34.120895918440553 224 199 177 0.23594714924683632 5 3496 12 3640 3 2488
119 -3.8448806794660007 -8.9451329304508906 32.177440953496571 81 95 37 0.56356485693485581 5 5731 12 7009 3 4576
1147 -1.0641955916426504 -10.75301203660117 32.401873103730509 76 107 57 1.9606421652776893 12 6126 3 5026
65 -1.506300951888103 0.13835266739691254 30.542756833710499 173 123 65 0.21582922333324753 5 4621 12 4945 3 3498
73 -5.1497965757401865 6.1623730853543979 33.579228148367712 193 164 134 0.13363540888844544 5 4795 12 5038 3 3628
1358 -4.376723994064613 4.540316228075036 32.316114116141016 203 170 132 0.15333348713019268 12 7216 3 5555
106 -5.2271309376196244 6.1231448968562914 33.599492887086768 159 133 108 0.29279028506170213 5 5634 12 5035 3 4449
123 -10.454850644511183 -2.3155830832454365 34.326923951140074 100 133 51 0.18095579756352667 5 5911 12 6290 3 4752
504 0.41749976316783688 6.3928489660117833 35.618882035021969 170 153 133 0.42385631135691598 5 3424 12 5096 3 2420
1275 -3.5537579874462764 7.5359738974642969 34.194235684900605 174 123 79 0.34794655667923963 5 6418 12 6968 3 5349
513 -3.2573436142528061 7.7042843943896129 34.159234733977733 205 178 150 0.21985012632475498 5 3504 12 3634 3 2494
509 -1.5289289130424115 7.2182556041475374 34.197263482419437 222 206 188 0.2855404199044328 12 5129 3 2459
111 -3.3099362217041413 7.6571928396999107 34.133403793337976 183 153 122 0.09907217619153541 5 5674 12 6051
103 -5.6384922833894535 2.1070781389227018 30.978842042810246 220 186 140 0.17413454916684198 5 5563 12 5960 3 4387
74 -1.4848655208200778 6.5305281837803228 33.89664342784787 208 170 123 0.1662697070188533 5 4813 12 5084 3 3653
1359 -2.2211645226540258 9.6128219030649689 25.884263281571158 94 131 209 0.14540182572514126 12 7233 3 5569
72 -4.6936040610250362 5.9700233404452474 33.358194968941845 165 128 92 0.51103366762642499 5 4783 12 5036 3 3621
78 -1.4627708314170964 7.2024274457238562 34.260678355611631 221 202 187 0.4425646538052605 5 4844 12 3664 3 3684
332 -10.010501672333186 -2.951026638884465 34.517942991621908 98 131 50 0.11471409801736414 12 4236 3 1662
96 -1.3087210952686152 -3.4528994222312406 39.588626239707544 211 207 195 0.18330535561535433 5 5277 12 5607 3 4095
71 -1.9795038713634432 5.7132789951759655 33.260528128789083 206 164 114 0.18768044110403759 5 4782 12 5060
69 -6.2927824331094957 2.5123321023314382 31.308200041967073 212 166 103 0.19816990747296828 5 4714 12 4986 3 3575
68 -3.5906482841056584 1.5474937867787817 30.723551726151506 215 175 113 0.26944840797401631 5 4696 12 5962 3 3551
1433 -1.4879577415455094 0.0019891141629883738 30.416555713864948 194 156 117 1.055917280672543 5 6574 12 7504 3 5691
148 -3.2303089176658846 7.449591916064783 33.869858419227882 175 133 93 2.1771214939189667 5 6419 12 6970 3 5350
1306 -0.47914621575584965 -3.7920909887852789 38.478658590664523 191 191 189 0.39495959886969284 5 6288 12 7097 3 5454
21 -1.9898864052272853 -9.6297714821279357 32.951506305201484 183 192 160 0.38421842672575807 5 1940 12 3850
64 -1.0112576253230028 -1.9213015111240985 36.778368648163877 95 118 64 0.085526339540277857 5 4340 12 5760
92 -1.0810176813635268 -3.7718405781566791 39.194193552247548 59 56 49 0.077477738508950705 5 5249 12 5587
349 -1.6638088038449641 -3.4861885825593819 39.714379086591272 207 200 190 0.20241502793328051 5 2563 12 4394 3 1739
863 -0.83363713250351468 -3.6864813274087016 38.957400249757882 53 48 44 0.41822754637695092 12 5593 3 4082
280 -4.7030843601000738 -10.785631985420851 31.576351206418845 167 180 103 0.38574131280150936 12 1841 3 1213
1362 -3.8781900734499977 -10.945322668678786 31.316171196646113 173 185 114 0.52510443682532781 12 7246 3 5577
63 -1.0112576253230028 -1.9213015111240985 36.778368648163877 95 118 64 0.085526339540277857 5 4339 12 5759
507 -0.69736354099526021 6.9517397519371089 34.570498374232926 213 191 168 0.3093710909842311 12 3658 3 2449
1048 -0.50647875450582114 -3.8955864232616446 38.443601305766755 95 96 92 0.61519567715469714 12 5585 3 4738
20 -3.9716346695840605 -9.1402312623251021 31.613503838209326 156 173 96 0.11991814116164178 5 1939 12 3843 3 1283
791 -5.1291470134784403 -9.7620066815184732 30.310190406422901 219 236 156 1.2311191557117809 5 3643 12 1880 3 3761
1302 -0.25969234500848315 -4.4097474919188659 38.068381713004385 122 124 123 0.28702937621623986 5 6515 12 7317 3 5446
17 -4.8681030057759944 -10.689958803838454 31.685547705149006 186 200 126 0.19459482814831761 5 1837 12 3768 3 2582
61 -0.91353989667594682 -3.228131480507991 39.443253436008597 72 65 55 0.27910885933324336 5 4205 12 4448 3 3085
60 -1.0887480774524905 -3.4086854792952006 39.489331114082844 108 108 98 0.23638768817423761 5 4182 12 4417 3 3058
28 -1.2093033914712235 -3.4445658392418497 39.519364000798682 82 78 67 0.10452913500292323 5 2569 12 2726 3 1746
110 -3.1424165035436373 7.6213910920825683 34.119100808004667 220 199 178 0.19700228215059479 5 5673 12 6054 3 4476
77 -1.7161855942059616 7.2023892272995012 34.162121725364564 234 221 208 0.20293539703743627 5 4843 12 6060 3 3681
618 -1.38484728370018 -3.4605415997247637 39.602386618649597 88 81 71 0.55577807740302188 5 4176 12 4399 3 3051
361 -1.4847298341166162 -3.1394215974604065 39.709352254714467 178 172 156 0.065402625450189628 12 2787 3 1790
104 -0.048511304331698049 2.1211731037438493 32.817518791616138 138 86 35 0.60707682811099595 5 5568 12 6601 3 3577
76 -0.79661528619181465 7.0094547218790995 34.553409416518491 213 195 173 0.2335288367317315 5 4826 12 5126 3 3667
18 -5.1775640964700962 -10.635942543422063 31.806834757593162 220 234 157 0.19761225663912529 5 1844 12 3773 3 2588
79 -1.4856910444592339 7.2609809563635768 34.252358814058361 191 172 155 0.72068354848878491 5 4851 12 5135 3 3689
24 -0.87491016708750191 -4.3896881094553954 38.474965562027073 91 90 86 0.60503519718708765 5 2462 12 4294 3 1638
83 -1.6333534986560645 7.4172136014000456 34.351473976924474 182 164 142 0.43374794524340388 5 4862 12 5143 3 2467
80 -1.9042370550341421 7.2957425491994234 34.163748009458132 221 203 181 0.1600191383414685 5 4852 12 5119 3 3691
851 -0.90629039240099019 -4.339977981482428 38.536219944066858 56 52 49 0.29131638748162181 12 5546 3 4048
22 -3.865844411895297 -8.837875817272284 32.27743223175716 181 198 135 0.044359611907071328 5 1979 12 5237
1069 -8.4269392264888996 -1.558142998185198 35.739135045802037 62 84 23 1.6339458216431009 12 6340 3 4801
41 -0.0085997027526459342 6.6951817799594666 35.135553138353124 169 156 139 0.40833837198477291 5 3438 12 5109 3 2432
107 -1.9456896989937023 6.0689849999743961 33.448109928537825 215 186 152 0.052377677029777941 5 5639 12 6025
25 -9.3953287341969745 -3.0330122487315938 34.329583510512279 112 148 60 0.64047128331212433 5 2484 12 677 3 1654
89 -3.425393250114642 -10.770033866818023 31.35795022566068 131 145 58 0.47778577635482589 5 4956 12 6118 3 3744
62 -1.1787635215725303 -3.1584099683200999 39.566020187615806 221 220 208 0.083364436815204043 5 4214 12 5632 3 3096
603 -9.658028367510628 -2.6343835249063834 34.08454870469285 89 112 54 0.49570640319222631 5 2528 12 5514 3 3009
860 -9.9158072491171012 -2.7267662452001842 34.393478637187215 98 128 55 0.2890561277852749 12 5507 3 4068
84 -2.0557064317596496 7.4463008355934184 34.190286708169822 224 209 191 0.010135056096601099 5 4864 12 6071
341 -1.2653505134189214 -3.7614858808479088 39.353253675017292 63 60 50 0.32246095336519986 5 2525 12 818 3 1706
27 -1.6638088038449641 -3.4861885825593819 39.714379086591272 212 205 194 0.20241502793328051 5 2562 12 4393 3 1738
86 -3.139517528369701 7.7445036362281741 34.199328746516414 226 204 185 0.096168718851618928 5 4878 12 5121 3 3704
1111 -1.8148317801837919 -0.036348917081375838 30.141012248936587 89 58 43 0.59129168089697259 12 6923 3 4893
29 -1.022343326711034 -3.3479047209390251 39.458880707495645 195 192 183 0.10041508233746436 5 2589 12 4431 3 1762
95 0.45041069899284697 -3.3318933892884051 36.831840333738 127 124 119 0.35083828259635541 5 5272 12 4442 3 4090
105 -4.5635496183407147 2.7336130564659018 31.388974909211836 205 167 106 0.58433149333290391 5 5584 12 5976 3 4399
90 -2.6142213599688513 -10.191328462911272 31.870110437814148 165 177 105 0.37293147704853968 5 4977 12 6128 3 3771
347 -1.0998922645152989 -3.5723083282864661 39.39126014488069 81 81 71 0.50122848620712823 12 2705 3 1728
91 -9.5310905057015827 -3.1012960526032969 34.426021666227072 108 141 57 0.32892311920982636 5 5236 12 5494 3 4053
94 -1.1178968863091157 -3.5975392686335552 39.337388771781875 95 91 79 0.63497151648106487 5 5266 12 6338 3 4085
97 0.11624510895532773 -1.1642118733209394 30.531011309257259 147 147 145 0.13025772783271447 5 5391 12 5870 3 4207
98 -0.37503524064976063 -0.7892977683900072 30.020589650609082 115 110 114 0.30359620741996846 5 5425 12 6517 3 4250
99 -3.4844162473031641 0.2412767906133961 28.834487434822616 163 161 162 0.186720435433541 5 5508 12 6534 3 4338
100 -6.8969858871463918 1.7008257801124393 31.055647813634756 203 161 106 0.25289759702932968 5 5552 12 4956 3 4381
101 -5.5787701172981752 1.7099789029195775 30.762767327456949 213 173 122 0.28547726187178446 5 5554 12 4967 3 3550
102 -5.6512604389021668 1.7961507026170909 30.826753354784689 207 166 111 0.077446079440785687 5 5556 12 5954
75 -0.96444893140765753 6.5251253278192873 34.090868462983309 198 159 116 0.29682096205174191 5 4815 12 5092 3 3655
616 0.83369872799451461 -3.2989444402418586 36.21839176202419 179 180 173 0.34162463487182393 5 4171 12 2806 3 3047
108 -1.4129129990502616 7.1725118970094854 34.34779569769934 175 151 128 0.28918821800948102 5 5656 12 5124 3 3678
122 -1.1443978610312582 -3.5028590407221185 39.471941068081136 230 227 217 0.07763229183950783 5 5909 12 6344 3 4755
267 -5.1970721749596382 5.8327410774435915 33.377632478693471 211 181 142 0.14856965270266523 5 1632 12 1689 3 1063
10 0.013309702225417663 -0.98336962101054348 30.332759386410395 112 111 108 0.72393396891680817 5 1205 12 3391 3 2064
93 -9.6096654490143951 -2.6625853637412069 34.141169616869263 16 38 0 0.66839178576260883 5 5252 12 5511 3 4740
66 -6.4652512825517139 0.99125148927379392 30.377367323607082 221 177 112 0.14185017261726865 5 4666 12 3418 3 3522
607 -1.3093037591160539 -3.7333402908503865 39.414643904565231 215 212 204 0.036077409611997124 12 4371 3 3016
87 -2.9638063241032384 7.7334073397120369 34.181164639517903 215 195 175 0.35191760315018694 5 4879 12 5133
26 -1.6303302098712995 -3.5267605340369723 39.729573509573463 93 87 76 0.236296665212195 5 2556 12 4389
508 -1.6291272023631223 7.124470389143295 34.083823622047568 180 158 135 0.14733766612347407 12 5114 3 2456
127 -5.733394228735202 3.708360770380398 32.028397895597614 203 170 128 0.092689443539640995 5 6094 12 6600 3 5322
1267 -3.669978086677756 1.9886872367156776 30.96698433917496 214 182 134 0.17407862102291274 5 6076 12 6595 3 5310
505 0.031730929688921272 6.6677631922723766 35.200963477348665 204 189 171 0.08923618869349495 12 5105 3 2431
248 -7.4074731630006569 -0.33174844720914443 34.481803209870854 65 93 16 0.70600297985681726 12 3034 3 874
124 -0.52518929638547374 0.69550463845212462 31.603925540108477 238 223 200 0.49463499213836265 5 6056 12 6939 3 5284
121 -10.311507629229141 -2.8279578022971319 34.69938586851211 18 39 0 0.32811492188372493 5 5901 12 6755
118 -3.4110171016568933 -11.72671301484184 30.277410653147221 174 188 99 0.35592564980493169 5 5700 12 6657 3 4511
117 -3.4147226615673194 -11.729743063657885 30.28969806540071 174 188 99 0.1170432204986077 5 5699 12 6656
115 -2.717924614951273 7.6833356194810465 34.144077962387485 184 161 139 0.43148654252992102 5 5680 12 6072 3 4484
629 -1.5288454258089998 -3.1038886765352021 39.744156831435674 89 83 69 0.037615936601988476 12 4447 3 3104
88 -2.9765379998002826 7.8235937026853879 34.262370278009215 181 154 133 0.73808368683399761 5 4885 12 5140
114 -2.3554385130650548 7.6113582923857894 34.206254268227219 221 205 180 0.21693138388575281 5 5678 12 6076 3 4480
1 -3.9221422770961936 -9.0856585567491859 31.756302391629241 156 171 93 0.32496277632435716 5 189 12 3848 3 1290
772 -0.011788691843638897 4.9437512951729259 34.161664408373362 192 156 120 0.099938884398314276 5 4766 12 5051 3 3614
2 -0.20252886841271528 -3.5429043286613364 38.225467904873391 103 102 97 0.12474822410144992 5 815 12 877 3 473
773 -2.0403362514251739 6.1069212380923785 33.489258158367917 206 167 123 0.092963494286193563 12 3579 3 3635
3 -1.0403206378421774 -3.4448756200522013 39.415042302431395 145 142 135 0.52909218522592316 5 834 12 880
774 -1.3079353901423203 6.359009601742823 33.846689227275419 216 183 137 0.11445529804380383 12 5075 3 3650
4 -1.2542166082446708 -3.4177223618155783 39.539534226066031 168 164 152 0.37221023975548762 5 837 12 2734 3 491
775 -0.42264978230273564 6.7285120593998435 34.574983464806337 207 181 158 0.46681218489605109 5 4822 12 6053 3 3661
6 -1.5415379791123436 -3.1623727872951406 39.772134900178045 111 105 89 0.35487191449802519 5 883 12 916
777 -1.9059557394969375 7.2968292046982057 34.170341553268855 219 200 178 0.03686071757731231 12 5118 3 3690
7 -1.0758778418665407 -3.048002932897222 39.578639689023376 95 89 77 0.20494028017368937 5 907 12 960
778 -2.6818365361789787 7.6002454489329123 34.122414268347818 222 201 184 0.26599860388631125 12 6066 3 3699
8 0.35428698374263951 -1.2141802175196823 30.709152664875301 110 109 106 0.25326176644808129 5 1145 12 1554
779 -2.8983773871000724 7.8179917973920423 34.228506736508848 228 205 184 0.13107313878257057 12 5142 3 3708
9 0.083884590294645289 -1.0253058461200071 30.398657863052794 117 116 114 0.26494516704908572 5 1193 12 3381
30 0.73604759380279605 -3.0710310776159497 36.154909990115847 195 194 190 0.20744394737921401 5 2598 12 2850 3 1769
31 -1.0307682336500152 -3.2628401737669095 39.5329992548116 110 109 97 0.22358797234166636 5 2604 12 2777 3 513
32 -0.98934437045562795 -3.2148571851656338 39.511407583478437 182 178 167 0.11510329182337897 5 2616 12 4446 3 3087
33 -1.0168424944956846 -3.0439477706856848 39.531205070740171 120 114 102 0.050026279298011511 5 2642 12 2825
34 -2.8881015132494343 -2.3880580661741901 34.928826976292235 219 206 160 1.1242506356746991 5 2667 12 4443
35 -2.8881015132494343 -2.3880580661741901 34.928826976292235 219 206 160 1.1242506356746991 5 2668 12 4444
36 -0.46369732492677534 0.71888494938411163 31.639190622230551 158 114 66 0.26673084581417666 5 3291 12 4982 3 2277
37 -0.24633333553958936 4.9791187362043399 33.846971816254218 218 181 145 0.17021575069934702 5 3394 12 5050 3 2370
38 -0.32009095110546326 4.9841899848930709 33.739254810742167 217 183 146 0.080824429507556708 5 3396 12 5048 3 2371
39 -5.1225045646723926 5.834931653661604 33.379546931261658 237 214 182 0.14700377441805684 5 3410 12 3555 3 2388
1122 -6.7892606265832471 1.2768066415913979 30.675206186562747 183 132 69 0.72692218996370617 12 5930 3 4915
40 -1.3092399084304021 6.3606282928706275 33.852769267904179 219 181 142 0.14874723427345884 5 3431 12 5076 3 3649
42 -1.5757572872170686 7.0498466347926447 34.059988286584783 200 167 135 0.10934838046421934 5 3456 12 3626 3 2452
43 -1.8811612053905142 7.4215821100050929 34.263872722907045 224 201 177 0.13870482958695274 5 3472 12 3675 3 2465
44 -4.4602174615820136 7.8030238864364652 34.467773323175479 175 148 122 0.36229523138665942 5 3486 12 1725 3 1117
45 -3.0827947359359755 7.6339300460417192 34.115998300582518 217 199 175 0.28487106684157881 5 3491 12 3635
1128 -5.3665698308531251 1.642265756678484 30.716265998983502 213 177 132 0.1659264100042257 5 5553 12 6576 3 4931
46 -3.0063762137774841 7.6342680820607631 34.120895918440553 224 201 177 0.23594714924683632 5 3495 12 3639 3 2487
47 -2.9068844509442946 7.647357993237299 34.140497572039031 210 189 170 0.28968451497684039 5 3498 12 3657 3 2490
48 -3.1067256371983665 7.6814329347232793 34.14221041218881 178 160 140 0.11512025959672557 5 3500 12 3643 3 2495
49 -2.5853520183593259 7.6557873149352069 34.159631166845948 212 194 174 0.16743142476150952 5 3505 12 3677
50 -3.2364046559402087 7.8432246699896533 34.25483655425905 208 178 152 0.091022011924012339 5 3516 12 3667 3 2513
592 -10.210923829476263 -3.1550310886204511 34.832764278475508 106 143 47 0.28015043596719008 5 2476 12 4214 3 2966
51 -3.9168385950648195 -11.0802376110578 31.168694945230612 181 195 119 0.12788963886674515 5 3579 12 3745
52 -4.9109496924478577 -10.67110692866418 31.727917010520699 215 228 158 0.22669283702855697 5 3610 12 1852
53 -5.0399341704247265 -10.552018830795033 31.813421353428136 219 229 168 0.19539617826579056 5 3627 12 3780 3 2592
595 -10.294093735722624 -3.0319848656974355 34.787312008276224 72 108 17 0.16799651718965217 12 4225 3 2978
54 -5.0636480259060841 -10.511138019599795 31.848062127093343 186 196 133 0.53893297459832279 5 3629 12 3784 3 2596
1138 -5.3800655670308775 6.0440671754643409 33.655390971687552 229 213 196 0.12300894229491276 5 5630 12 6616 3 4961
597 -0.62056310708929374 -4.0267130365912767 38.486418538613869 94 91 86 0.3677462337444522 12 4351 3 2990
56 -0.5742033803665112 -4.2101424165691013 38.314804000755331 129 126 117 0.21296877808558978 5 4107 12 5554 3 2975
57 -0.082479602077849601 -4.0583392459027916 37.781308194129501 155 153 156 0.067722095523669368 5 4121 12 2627 3 2985
58 -9.5552389504586763 -2.5925218265761361 34.153796973987646 98 132 51 1.1150318761384375 5 4158 12 5518 3 4743
59 -1.1527757387724771 -3.4293321923731819 39.497602042986273 233 229 217 0.067607998572483466 5 4178 12 4406 3 3053
128 -0.18701105403449325 5.0474499007732803 33.927831791461649 160 111 79 0.69366953509566853 5 6102 12 7221 3 4956
129 0.6169571290060335 6.4511306520508924 35.877947840125969 209 198 176 1.5201389599577786 5 6111 12 7226
900 0.28558981735884909 -1.2011756060887901 30.627842462802988 109 108 111 0.31973065540622669 12 5872 3 4204
130 -1.215700684893037 7.1546231771756723 34.394824460293826 181 154 130 0.21200008791224709 5 6117 12 6974 3 5344
131 -1.7994765437016331 7.2600989783691698 34.212679930945953 213 201 189 0.060753114454568387 5 6119 12 6644 3 4466
132 -1.3336804784334826 7.2579006788864602 34.395615680510382 213 198 181 0.16853895064561883 5 6120 12 6649 3 4977
133 -4.2703645527347902 7.6620931409308053 34.290097142418539 182 147 111 0.16673646416089061 5 6124 12 6038 3 4983
134 -3.0750814713801646 7.5625987731992224 34.13713216932198 170 134 103 0.70592578504619397 5 6125 12 6052 3 4984
135 -2.7898259023091749 7.6530962686375616 34.142317366039251 229 215 196 0.095806185156441639 5 6128 12 6067
136 -2.7896151238659415 7.6532916033921676 34.14195636169751 229 215 196 0.086900973686349789 5 6129 12 6068 3 4482
137 -2.4613106199733368 7.6613879620087637 34.177533284879381 187 161 140 0.15493129118041279 5 6131 12 6975 3 4989
138 -2.3458854761409462 -13.093456115518961 34.568595888828135 84 118 57 0.84490869466446705 5 6149 12 6660
139 -4.9958080403864118 -10.652260188340392 31.730546809768057 214 226 159 0.87321270652254623 5 6163 12 6996 3 5021
140 -5.1254483315541703 -10.575249746498448 31.829977042976857 186 198 126 0.37675993954296366 5 6166 12 6664 3 5025
141 -5.1262083847503437 -10.576978505353036 31.8305745700534 186 198 126 0.38944299083909412 5 6167 12 6665
142 -0.43330497652599309 -4.0717056995453298 38.312070047104235 124 122 125 0.41968772940287319 5 6282 12 6789 3 5157
143 -0.43330497652599309 -4.0717056995453298 38.312070047104235 124 122 125 0.41968772940287319 5 6283 12 6790 3 5158
144 -0.29191583572751567 -3.8030390334992337 38.257199688362867 117 117 120 0.91713145101973659 5 6287 12 6331 3 5163
145 -0.12093782584704704 -3.6443187127255432 38.021076847568011 203 203 205 0.10154651441912849 5 6293 12 7106 3 5167
146 -5.588596610532016 1.1466723060977719 30.283393734147264 214 180 142 0.36472965462406437 5 6389 12 6555 3 5287
147 -3.6896210380782777 1.3312834147540411 30.622267204750603 205 165 106 0.54457001492644708 5 6394 12 6935 3 5304
149 -1.6061272015893551 7.4485012885518795 34.395080778404946 189 163 138 0.38402016872547812 5 6420 12 7230
150 -0.17546085956372953 -4.0178346604216895 37.932612832592561 193 195 193 0.13863846607154176 5 6518 12 7092 3 5450
151 -6.3674335901471775 1.0810335248826566 30.411110243925148 188 133 65 1.6070582087269685 5 6588 12 6921
152 -4.5343682869941597 6.0231922976123089 33.23070974621487 175 125 76 0.91495043426218647 5 6615 12 7219 3 5556
153 -4.5343682869941597 6.0231922976123089 33.23070974621487 175 125 76 0.91495043426218647 5 6616 12 7220 3 5557
154 -3.880232527516394 -10.948726841825613 31.321294228635242 165 176 108 0.51140669384521098 5 6633 12 7245 3 5576
155 -9.9503730412730427 -2.6541904237653631 34.349829479042754 98 132 48 1.1563207208211341 5 6694 12 7307 3 5648
156 -1.0261150352200106 0.58847394221751048 31.019950486430687 213 175 120 0.54479498694794837 5 6747 12 7508 3 5697
157 -5.9102816262035383 3.6659725337795255 32.118713973846226 170 114 63 0.3984950462464078 5 6760 12 7212 3 5714
158 -2.2274045083831839 9.6242193603911534 25.90437066791231 91 128 206 0.707380602448758 5 6774 12 7232 3 5568
160 -2.357990851332378 9.8418467568346806 25.486661819609203 76 104 187 0.84404242060144963 5 6776 12 7400 3 5850
161 -2.357083828240627 9.8343099050650622 25.479917983842792 76 104 187 0.31501181639503179 5 6777 12 7401
162 -2.6993112898857841 -8.4289879598305113 35.086415360253824 201 220 130 1.0331876139875171 5 6797 12 7694
163 0.051783705027823305 -3.9752499687367471 37.644770237311889 62 58 54 0.52946917350311395 5 6830 12 7320 3 5783
164 0.47751433413320654 6.512136796838881 35.789549947972155 196 184 168 0.14407119560314352 5 6892 12 7677
165 -0.99298978300061991 7.1804757523426401 34.605509124826625 219 206 190 1.6077668126136995 5 6895 12 7622 3 5845
166 -4.1080903072869299 7.4628629517329133 34.152276216199375 174 124 81 1.3755258782831234 5 6896 12 7396 3 5918
167 -1.9982143276167896 9.4560809509880439 25.907325542981191 90 131 207 0.15270250858980394 5 6903 12 7524
168 -2.2084384220655426 9.719837645063734 25.632750207365525 76 104 187 0.15742679980940644 5 6904 12 7527
169 -2.1822904651553756 9.8315845585943524 25.329313090884781 92 125 204 0.4788555073825253 5 6906 12 7402 3 5851
170 -2.1822904651553756 9.8315845585943524 25.329313090884781 92 125 204 0.4788555073825253 5 6907 12 7403 3 5852
172 -1.2264887769867541 6.9204475412092954 34.207674685717365 177 131 82 1.2343014533403227 5 6973 12 7621 3 5916
203 -1.0960296467471191 -3.343805801422592 39.497570046536595 181 181 169 0.23409394102846676 12 893 3 499
974 0.043577019913716902 6.5755825821938947 35.17412234839577 205 188 168 0.32014858258638917 5 6112 12 6639 3 4456
205 -0.93268643386345729 -3.3174887031390465 39.438296407989874 110 104 96 0.034568037321670311 12 904 3 506
209 -0.50049557153594837 -3.2223437406743916 38.81747064136777 60 53 48 0.28410962183025212 5 871 12 930 3 514
210 -1.1877713361331905 -3.2363688855463777 39.56840669866645 166 164 152 0.23589193256523014 12 911 3 517
981 -4.7757868536596826 -10.876442989209114 31.499662345919756 182 195 116 0.27615984582428355 12 6109 3 4533
240 -2.2884668201966063 -0.86546705763988241 34.226560889835739 172 164 125 0.19409794214002879 12 3258 3 831
742 -1.5529939240773194 0.11219290129846733 30.519098569819619 214 173 126 0.054096479306468728 12 4941 3 3494
743 -1.5529939240773194 0.11219290129846733 30.519098569819619 214 173 126 0.054096479306468728 12 4942 3 3495
755 -0.51432167209245383 0.6188084619004367 31.580418066809191 169 122 71 0.3791775338816179 5 5536 12 6584 3 3528
956 -5.667994566637792 1.9249140579141657 30.916795568648872 216 175 119 0.10273108847807259 5 5560 12 4973 3 4386
971 0.064510818425655023 4.8864811455380988 34.218053980466117 189 156 116 0.19995423328740247 5 5617 12 6619 3 4430
973 -4.1924735347256785 6.2349810410998661 33.317568172554076 200 159 112 0.63147315235469159 5 4804 12 5052 3 4453
975 -0.49545948809741652 6.7259246617139237 34.591059409566135 167 131 91 0.40746157174292358 5 5648 12 6049 3 4460
979 -3.7902484708278275 -11.02596789038814 31.262133435347671 219 232 162 0.089440057707322662 12 6106 3 4527
