# 3D point list with one line of data per point:
#   POINT3D_ID, X, Y, Z, R, G, B, ERROR, TRACK[] as (IMAGE_ID, POINT2D_IDX)
# Number of points: 65, mean track length: 2
53 0.62498263653197483 -1.4150943355581591 60.815069123571007 81 98 46 0.033177153941693363 118 1414 182 1895
52 0.2857923557418956 -1.4819754281261812 61.155650942308654 116 131 75 1.2178914120621869 118 1410 182 1892
51 19.522672706077707 -2.4166192057121632 87.103143965314672 58 88 18 0.16946387300020246 118 1393 182 1666
50 9.6554718771325945 -6.7059987158254044 67.602451488184585 229 234 212 0.632174818833388 118 1336 182 1826
49 17.117507251553494 -6.5960488516182973 68.207033458246201 115 138 86 0.49112955335818165 118 1333 182 1600
48 10.194419882664063 2.0336411546025288 84.828312630830112 76 73 58 0.097275699498010237 118 1317 182 1585
3 10.093637640485534 -5.7829128602964248 65.939815722439093 142 155 106 0.74763526528193147 118 408 182 1112
62 12.911822476471514 -6.7369841625163902 71.803784552173028 116 153 75 0.90672311682867379 118 1588 182 1931
24 10.769916610255853 -1.0765070509841115 77.148031529013679 143 175 100 0.54772547583563336 118 918 182 1536
4 20.085987960144692 -1.1419453594167646 84.978770284739909 205 228 171 0.098034397960520325 118 483 182 956
63 13.852688703083702 -6.8924120450865711 71.206712841117977 126 160 73 0.18269877229410714 118 1656 182 1981
5 20.085987960144692 -1.1419453594167646 84.978770284739909 205 228 171 0.098034397960520325 118 484 182 957
64 -0.25761264642550585 -2.0521704728639532 60.722723601429379 117 141 89 0.027176966114913652 118 1671 182 1960
6 9.9265521397737118 -1.5118604049178874 77.38346885599239 90 128 42 1.0363385554024016 118 503 182 1190
65 0.2379032230688706 -1.9673709232467551 61.567538101509392 57 77 17 0.3301811187077669 118 1724 182 2021
7 10.403639418297342 -0.89425227355846448 76.642346865613362 68 105 25 0.70203942135194863 118 516 182 1198
22 20.177661916786125 -2.414069039126999 87.988609685575398 113 143 73 0.60179085426404311 118 887 182 1161
21 -0.3775552766213302 -2.0991239410390623 60.765356055942952 61 81 28 0.12593409688836738 118 886 182 1520
20 -0.28426654859389638 -2.1352804671606282 60.622037746407827 109 132 76 0.10021273002431637 118 885 182 1518
19 6.7883764721662345 -5.1196080459448403 62.800116673168169 119 148 93 0.20912398170459157 118 850 182 1475
58 -0.11916489509690055 -1.6662774741229338 61.153025952482636 150 153 107 0.50502978998185577 118 1542 182 1888
57 9.1345010681056102 1.5677150863403126 84.59587005248612 66 62 48 0.7735847479992326 118 1467 182 1814
18 15.840445769227241 -6.6431845041663049 69.492531616188089 177 192 154 1.4241837370966595 118 822 182 1273
56 20.073198680833723 1.6124574230730231 78.68263772153918 227 238 224 0.33051724831367035 118 1439 182 1909
17 9.9863664938285233 -6.7902232209064923 68.19991698572025 132 148 77 0.054230240535570705 118 820 182 1443
26 15.489658036333729 0.33912883234305857 104.21198567629341 30 29 8 0.40275404914221336 118 942 182 1209
55 0.66457241160592073 -1.1914194899977537 60.245576365627961 95 115 52 0.60497996181705727 118 1419 182 1796
16 18.11838484538389 -6.3916386834263328 66.435413685548767 103 114 72 0.73859935344116545 118 807 182 1432
25 4.5755646027496688 -0.11059781864105904 64.361097661199892 120 149 82 1.1851069727291772 118 934 182 1225
54 18.782736446046059 -1.1700469976208865 84.461569593099625 133 159 94 0.067872657026655209 118 1418 182 1677
15 18.11838484538389 -6.3916386834263328 66.435413685548767 103 114 72 0.73859935344116545 118 806 182 1431
59 15.230938500967531 -1.8926428284065124 83.613754560024972 141 161 108 0.29993711771956677 118 1545 182 1965
1 21.037652510799205 18.852509035577182 118.18049020924072 54 62 116 0.16560262915185936 118 375 182 1052
60 19.509582378164527 -1.4087940889906998 86.567318817373987 98 131 50 0.98975236905637054 118 1546 182 1884
14 3.2299452513432971 0.92262314307154936 76.037451185532362 60 61 37 0.68353798644118724 118 767 182 1413
23 12.675240071943502 -1.4773492221235278 81.984935487431301 119 143 89 0.55268645930014704 118 911 182 1531
61 9.7888860569198144 -6.9762965613660564 68.60728386221227 0 0 0 0.91150271763001856 118 1584 182 1979
2 12.82339578260892 -6.5517736414290537 71.214265600379633 122 157 82 0.40650846755236958 118 397 182 552
29 3.1062530363606764 0.89632289703600021 76.192355658559151 133 135 113 0.049213086406567505 118 969 182 1411
28 3.0639918831498529 0.8156369206149382 76.291691978557921 63 60 41 0.45855205305414903 118 966 182 1406
27 3.1469091698474991 0.72095700475934754 76.999146084692413 78 75 60 0.40791091127718943 118 963 182 1573
8 10.403639418297342 -0.89425227355846448 76.642346865613362 68 105 25 0.70203942135194863 118 517 182 1199
9 3.0346918306979349 0.93478335670466339 75.706423239256893 82 81 61 0.044307200487846483 118 554 182 1015
10 18.066007309514241 -6.2390199942945781 65.60855343094488 190 189 150 0.26239646500227654 118 598 182 1069
11 10.448279351840428 -6.8688784379049306 66.950882507060712 86 127 20 0.027097919762876115 118 605 182 1065
12 14.830078766134585 -6.4173106200308849 69.665264383215728 116 135 89 1.1869927811191932 118 612 182 1088
13 14.68680584551575 0.65905880073005574 102.34297435393216 76 79 67 0.27447660644796046 118 750 182 706
30 10.654887920766578 2.1414979922111144 85.55889519667717 144 142 129 1.0694417025496279 118 986 182 1241
31 8.6337573761252564 2.1717740663129357 82.848282784722343 127 123 114 0.18392395040264509 118 989 182 1245
32 7.8067186064302154 2.1417543393877789 81.509709321922074 150 142 131 0.4657973668669575 118 990 182 1250
33 17.366936872564363 -6.5005506315694861 67.823416334680886 81 101 52 0.61318684067693696 118 1002 182 1440
34 17.722219497592711 -6.1477668934965193 65.447758741285341 90 112 51 1.0726504848815308 118 1003 182 1441
35 15.538910049764356 -6.6822749724910944 69.985177594524856 87 115 55 0.026029223981500555 118 1009 182 1275
36 20.020354967425472 -2.5011937625849643 87.285119026249603 56 86 16 0.31932450931637496 118 1084 182 1516
37 0.7213750982106345 -1.8405207893265214 62.770767351871982 70 87 42 0.26900858302078162 118 1092 182 1525
38 10.572869059405331 -0.95130567531672838 76.626204972743054 63 97 18 1.4089907851062273 118 1110 182 1539
39 10.572869059405331 -0.95130567531672838 76.626204972743054 63 97 18 1.4089907851062273 118 1111 182 1540
40 16.198746921525508 0.79207596466530017 106.3950790686275 39 41 27 0.14290099507053161 118 1133 182 1392
41 10.341351646756632 -6.8881358476333645 67.838150000094643 100 118 46 0.68123824281686274 118 1172 182 1742
42 15.058611286214731 -6.481348385014094 69.909024241400701 136 151 108 0.41752928174482618 118 1179 182 1745
43 4.5884434358217296 -2.091793503061262 61.755930359712508 98 133 41 1.2010271243564059 118 1237 182 1671
44 0.49177163742885799 -1.7549295183475964 61.967059555203157 74 92 44 0.76636887713858293 118 1245 182 1676
45 5.040221281547308 -1.1106215859026729 64.356163914994525 144 169 116 0.41092376654099494 118 1259 182 1377
46 6.1332902398126192 -0.28507691390861656 64.822738567989944 162 184 127 1.7669539364009279 118 1271 182 1557
47 6.1332902398126192 -0.28507691390861656 64.822738567989944 162 184 127 1.7669539364009279 118 1272 182 1558
