0000
0002
0003
0005
0006
0007
0008
0010
0012
0014
0016
0017
0018
0019
0022
0023
0024
0025
0026
0027
0033
0035
0037
0038
0043
0049
0050
0051
0053
0055
0057
0058
0059
0062
0063
0066
0068
0069
0071
0072
0073
0076
0077
0079
0080
0081
0082
0083
0084
0085
0086
0087
0088
0089
0090
0091
0093
0094
0095
0096
0097
0098
0099
0100
0101
0102
0103
0104
0105
0106
0107
0108
0109
0110
0113
0114
0115
0116
0117
0119
0120
0121
0124
0125
0126
0127
0128
0129
0130
0135
0137
0140
0142
0143
0144
0145
0146
0147
0149
0150
0154
0157
0158
0159
0160
0161
0162
0163
0164
0167
0168
0169
0170
0171
0172
0173
0174
0175
0176
0177
0179
0180
0181
0182
0183
0185
0186
0189
0191
0192
0193
0194
0195
0196
0197
0198
0199
0200
0201
0206
